DCGAN/data/real/SedofBasin_0002.grd
DSAA
 100 100
 0.0 400.0
 0.0 400.0
 0.0 11.75
[rows 34 to 67 of 100, columns 0 to 76 of 100]
0.889 0.889 0.888 0.887 0.887 0.887 0.887 0.888 0.889 0.890 0.891 0.890 0.889 0.888 0.888 0.888 0.889 0.891 0.893 0.893 0.891 0.882 0.860 0.821 0.763 0.695 0.626 0.570 0.530 0.508 0.500 0.498 0.498 0.498 0.499 0.500 0.500 0.496 0.484 0.459 0.421 0.372 0.319 0.270 0.230 0.199 0.178 0.163 0.158 0.167 0.190 0.229 0.276 0.323 0.362 0.393 0.422 0.455 0.494 0.534 0.569 0.594 0.606 0.609 0.609 0.607 0.609 0.612 0.614 0.615 0.615 0.614 0.614 0.614 0.614 0.614 0.613
0.947 0.947 0.946 0.946 0.946 0.946 0.947 0.948 0.949 0.949 0.949 0.947 0.946 0.945 0.944 0.945 0.947 0.949 0.950 0.951 0.948 0.937 0.912 0.867 0.802 0.723 0.644 0.579 0.534 0.509 0.498 0.496 0.497 0.499 0.500 0.500 0.500 0.496 0.486 0.464 0.431 0.389 0.345 0.305 0.273 0.249 0.232 0.221 0.217 0.223 0.243 0.277 0.320 0.363 0.399 0.424 0.444 0.465 0.487 0.511 0.531 0.544 0.548 0.547 0.545 0.545 0.547 0.551 0.555 0.558 0.559 0.559 0.559 0.559 0.560 0.560 0.560
0.982 0.981 0.981 0.981 0.981 0.982 0.982 0.983 0.983 0.983 0.982 0.981 0.979 0.978 0.977 0.978 0.979 0.982 0.984 0.985 0.981 0.970 0.943 0.894 0.824 0.740 0.655 0.584 0.535 0.509 0.499 0.497 0.499 0.501 0.503 0.504 0.503 0.500 0.491 0.473 0.448 0.417 0.384 0.353 0.328 0.309 0.296 0.288 0.286 0.291 0.307 0.333 0.366 0.401 0.430 0.450 0.463 0.475 0.489 0.502 0.511 0.516 0.516 0.514 0.511 0.510 0.511 0.515 0.519 0.522 0.524 0.525 0.525 0.525 0.526 0.527 0.526
0.999 0.999 0.998 0.998 0.998 0.998 0.998 0.998 0.998 0.998 0.997 0.995 0.993 0.992 0.991 0.991 0.993 0.995 0.997 0.999 0.996 0.984 0.957 0.907 0.835 0.747 0.660 0.586 0.536 0.508 0.499 0.500 0.503 0.506 0.508 0.508 0.507 0.504 0.496 0.484 0.467 0.447 0.425 0.404 0.385 0.369 0.358 0.353 0.353 0.359 0.371 0.390 0.413 0.437 0.457 0.470 0.480 0.487 0.495 0.502 0.507 0.509 0.507 0.504 0.501 0.499 0.497 0.498 0.500 0.503 0.505 0.506 0.507 0.508 0.508 0.508 0.508
1.004 1.004 1.004 1.003 1.003 1.003 1.003 1.003 1.003 1.003 1.002 1.000 0.999 0.997 0.995 0.995 0.997 0.999 1.002 1.003 1.001 0.989 0.961 0.911 0.838 0.750 0.661 0.586 0.535 0.508 0.499 0.501 0.506 0.510 0.512 0.512 0.510 0.506 0.500 0.492 0.483 0.473 0.460 0.446 0.431 0.418 0.409 0.406 0.409 0.416 0.426 0.439 0.453 0.466 0.477 0.485 0.491 0.496 0.502 0.507 0.511 0.513 0.512 0.510 0.505 0.501 0.497 0.494 0.494 0.495 0.496 0.497 0.499 0.500 0.500 0.500 0.499
1.005 1.005 1.005 1.004 1.004 1.004 1.004 1.005 1.005 1.004 1.004 1.003 1.001 1.000 0.998 0.997 0.998 1.000 1.003 1.004 1.002 0.991 0.963 0.912 0.839 0.750 0.661 0.586 0.534 0.507 0.498 0.501 0.507 0.511 0.513 0.511 0.507 0.503 0.498 0.494 0.492 0.489 0.484 0.476 0.465 0.454 0.447 0.445 0.449 0.457 0.467 0.476 0.483 0.488 0.492 0.494 0.497 0.502 0.507 0.512 0.516 0.519 0.519 0.518 0.514 0.508 0.502 0.497 0.494 0.493 0.493 0.493 0.495 0.496 0.497 0.496 0.495
1.004 1.004 1.003 1.003 1.003 1.004 1.004 1.005 1.006 1.006 1.006 1.006 1.005 1.004 1.002 1.001 1.001 1.003 1.005 1.005 1.003 0.992 0.964 0.913 0.840 0.751 0.662 0.587 0.534 0.506 0.496 0.498 0.503 0.507 0.507 0.505 0.501 0.496 0.492 0.491 0.493 0.496 0.497 0.493 0.487 0.479 0.474 0.473 0.478 0.485 0.495 0.503 0.505 0.505 0.503 0.501 0.501 0.503 0.508 0.512 0.516 0.519 0.521 0.521 0.519 0.514 0.508 0.502 0.497 0.493 0.491 0.490 0.492 0.493 0.494 0.493 0.491
1.001 1.001 1.001 1.001 1.002 1.003 1.004 1.005 1.006 1.008 1.009 1.009 1.009 1.008 1.007 1.005 1.004 1.004 1.005 1.006 1.004 0.992 0.964 0.913 0.840 0.752 0.663 0.588 0.535 0.505 0.494 0.493 0.496 0.498 0.497 0.495 0.491 0.487 0.486 0.487 0.492 0.497 0.501 0.501 0.499 0.495 0.492 0.492 0.496 0.504 0.513 0.519 0.520 0.517 0.511 0.505 0.502 0.502 0.504 0.506 0.509 0.513 0.516 0.518 0.517 0.516 0.512 0.506 0.500 0.494 0.489 0.486 0.486 0.488 0.489 0.489 0.489
0.998 0.998 0.998 0.999 0.999 1.001 1.002 1.003 1.005 1.007 1.010 1.011 1.011 1.011 1.009 1.006 1.004 1.004 1.004 1.004 1.002 0.990 0.962 0.911 0.838 0.750 0.662 0.588 0.535 0.505 0.492 0.488 0.488 0.488 0.487 0.486 0.484 0.483 0.483 0.485 0.490 0.496 0.501 0.503 0.504 0.503 0.502 0.504 0.507 0.513 0.521 0.526 0.526 0.522 0.514 0.506 0.500 0.498 0.497 0.498 0.499 0.502 0.506 0.510 0.512 0.512 0.511 0.507 0.501 0.493 0.485 0.481 0.481 0.482 0.484 0.485 0.487
0.996 0.996 0.996 0.996 0.997 0.998 0.999 1.000 1.001 1.004 1.006 1.008 1.009 1.008 1.006 1.004 1.001 1.000 1.000 1.000 0.997 0.986 0.958 0.908 0.835 0.747 0.660 0.587 0.535 0.505 0.491 0.485 0.483 0.482 0.482 0.482 0.484 0.486 0.487 0.489 0.492 0.496 0.500 0.503 0.504 0.505 0.506 0.507 0.510 0.515 0.520 0.524 0.523 0.518 0.510 0.501 0.496 0.492 0.491 0.491 0.491 0.494 0.498 0.502 0.506 0.508 0.506 0.503 0.497 0.490 0.484 0.480 0.479 0.480 0.482 0.484 0.488
0.997 0.997 0.996 0.997 0.997 0.997 0.998 0.998 0.999 1.001 1.003 1.005 1.006 1.005 1.004 1.001 0.999 0.998 0.999 0.999 0.996 0.985 0.957 0.906 0.833 0.747 0.660 0.588 0.538 0.507 0.492 0.485 0.483 0.482 0.483 0.486 0.491 0.495 0.497 0.499 0.500 0.501 0.503 0.503 0.504 0.504 0.505 0.506 0.508 0.511 0.514 0.514 0.512 0.507 0.499 0.492 0.488 0.486 0.486 0.486 0.487 0.491 0.495 0.499 0.502 0.502 0.501 0.497 0.493 0.489 0.486 0.484 0.484 0.485 0.484 0.485 0.488
1.007 1.007 1.006 1.006 1.006 1.006 1.006 1.006 1.005 1.006 1.008 1.009 1.010 1.010 1.009 1.008 1.007 1.008 1.009 1.009 1.007 0.995 0.966 0.915 0.843 0.756 0.670 0.598 0.547 0.516 0.499 0.491 0.487 0.487 0.490 0.496 0.504 0.512 0.516 0.518 0.517 0.515 0.512 0.508 0.505 0.504 0.504 0.505 0.506 0.506 0.505 0.502 0.498 0.492 0.486 0.482 0.481 0.482 0.483 0.484 0.486 0.490 0.495 0.498 0.500 0.500 0.497 0.494 0.492 0.491 0.493 0.495 0.496 0.494 0.490 0.488 0.489
1.033 1.033 1.032 1.032 1.032 1.032 1.031 1.031 1.030 1.029 1.030 1.031 1.032 1.033 1.032 1.033 1.034 1.035 1.038 1.039 1.036 1.024 0.995 0.944 0.871 0.784 0.696 0.622 0.568 0.533 0.513 0.503 0.498 0.498 0.503 0.514 0.527 0.539 0.547 0.551 0.548 0.541 0.531 0.520 0.512 0.507 0.506 0.507 0.507 0.504 0.499 0.493 0.486 0.481 0.476 0.475 0.477 0.480 0.483 0.485 0.487 0.491 0.495 0.499 0.500 0.499 0.496 0.494 0.495 0.498 0.503 0.508 0.507 0.504 0.496 0.490 0.489
1.080 1.080 1.080 1.080 1.080 1.081 1.081 1.080 1.079 1.079 1.079 1.080 1.081 1.081 1.082 1.082 1.084 1.087 1.090 1.092 1.090 1.077 1.049 0.997 0.923 0.836 0.746 0.667 0.606 0.564 0.537 0.521 0.513 0.514 0.524 0.541 0.561 0.582 0.596 0.601 0.595 0.580 0.560 0.540 0.523 0.514 0.511 0.511 0.510 0.505 0.497 0.488 0.481 0.475 0.473 0.473 0.478 0.483 0.488 0.489 0.490 0.492 0.495 0.498 0.500 0.500 0.499 0.498 0.501 0.507 0.513 0.517 0.517 0.511 0.502 0.495 0.492
1.147 1.147 1.147 1.148 1.150 1.151 1.151 1.152 1.152 1.152 1.152 1.153 1.154 1.154 1.155 1.156 1.158 1.161 1.164 1.167 1.165 1.153 1.125 1.074 1.000 0.910 0.815 0.729 0.658 0.606 0.569 0.545 0.534 0.536 0.551 0.578 0.610 0.640 0.661 0.666 0.655 0.628 0.595 0.562 0.537 0.522 0.517 0.516 0.515 0.509 0.498 0.488 0.481 0.477 0.476 0.478 0.484 0.490 0.494 0.495 0.494 0.493 0.494 0.496 0.499 0.501 0.502 0.504 0.506 0.512 0.518 0.522 0.520 0.514 0.506 0.500 0.495
1.226 1.227 1.228 1.231 1.234 1.236 1.237 1.238 1.238 1.239 1.240 1.241 1.243 1.243 1.243 1.243 1.245 1.248 1.251 1.254 1.253 1.242 1.215 1.164 1.089 0.996 0.895 0.800 0.718 0.653 0.604 0.572 0.557 0.560 0.582 0.621 0.667 0.709 0.736 0.740 0.720 0.679 0.629 0.583 0.547 0.527 0.519 0.518 0.517 0.510 0.500 0.490 0.484 0.482 0.484 0.487 0.492 0.497 0.500 0.499 0.496 0.493 0.492 0.495 0.498 0.502 0.504 0.506 0.508 0.511 0.515 0.518 0.517 0.513 0.508 0.503 0.499
1.313 1.314 1.318 1.321 1.325 1.328 1.327 1.325 1.324 1.324 1.326 1.329 1.331 1.332 1.332 1.332 1.333 1.334 1.337 1.339 1.339 1.329 1.302 1.252 1.175 1.079 0.972 0.868 0.774 0.697 0.638 0.598 0.578 0.583 0.614 0.664 0.724 0.776 0.808 0.811 0.781 0.725 0.659 0.598 0.552 0.525 0.514 0.512 0.511 0.507 0.497 0.489 0.486 0.488 0.492 0.496 0.499 0.501 0.502 0.500 0.496 0.492 0.491 0.493 0.497 0.500 0.503 0.503 0.504 0.505 0.507 0.508 0.508 0.506 0.504 0.503 0.501
1.418 1.421 1.426 1.433 1.434 1.431 1.421 1.409 1.400 1.396 1.398 1.401 1.404 1.406 1.406 1.405 1.406 1.407 1.409 1.411 1.410 1.400 1.374 1.323 1.245 1.145 1.033 0.920 0.817 0.730 0.662 0.616 0.595 0.603 0.641 0.703 0.772 0.832 0.867 0.866 0.828 0.761 0.680 0.605 0.549 0.516 0.502 0.501 0.502 0.499 0.493 0.488 0.488 0.494 0.500 0.503 0.504 0.503 0.501 0.499 0.496 0.493 0.491 0.492 0.495 0.498 0.499 0.498 0.497 0.497 0.497 0.498 0.498 0.498 0.499 0.500 0.502
1.579 1.586 1.597 1.604 1.598 1.575 1.539 1.499 1.467 1.451 1.446 1.448 1.452 1.455 1.456 1.456 1.457 1.458 1.460 1.462 1.460 1.449 1.422 1.369 1.290 1.187 1.070 0.951 0.841 0.747 0.675 0.627 0.608 0.622 0.666 0.735 0.809 0.872 0.907 0.903 0.859 0.783 0.692 0.607 0.543 0.505 0.490 0.489 0.493 0.493 0.490 0.488 0.491 0.497 0.503 0.505 0.503 0.500 0.499 0.498 0.496 0.494 0.492 0.492 0.493 0.495 0.496 0.495 0.493 0.492 0.491 0.492 0.493 0.495 0.497 0.500 0.501
1.868 1.881 1.899 1.902 1.873 1.805 1.711 1.614 1.537 1.492 1.474 1.472 1.476 1.479 1.481 1.483 1.484 1.486 1.488 1.490 1.488 1.476 1.447 1.393 1.311 1.204 1.084 0.960 0.846 0.750 0.679 0.635 0.622 0.642 0.693 0.763 0.838 0.898 0.929 0.921 0.872 0.791 0.696 0.606 0.537 0.496 0.482 0.484 0.491 0.494 0.493 0.491 0.494 0.498 0.502 0.501 0.499 0.497 0.497 0.497 0.497 0.494 0.492 0.491 0.493 0.495 0.497 0.495 0.493 0.492 0.492 0.494 0.496 0.497 0.499 0.500 0.499
2.365 2.386 2.409 2.394 2.312 2.159 1.963 1.769 1.619 1.528 1.489 1.480 1.482 1.487 1.490 1.493 1.495 1.497 1.500 1.502 1.499 1.487 1.456 1.399 1.314 1.204 1.079 0.952 0.837 0.743 0.678 0.644 0.643 0.672 0.726 0.796 0.865 0.918 0.941 0.927 0.874 0.792 0.696 0.605 0.535 0.494 0.481 0.485 0.494 0.498 0.497 0.495 0.495 0.498 0.498 0.497 0.496 0.494 0.495 0.495 0.494 0.491 0.489 0.489 0.492 0.497 0.500 0.499 0.496 0.495 0.497 0.500 0.503 0.504 0.503 0.499 0.495
3.123 3.144 3.155 3.091 2.914 2.628 2.284 1.959 1.713 1.565 1.498 1.480 1.481 1.486 1.490 1.493 1.495 1.497 1.500 1.502 1.500 1.486 1.454 1.395 1.305 1.191 1.063 0.935 0.822 0.735 0.681 0.661 0.673 0.712 0.769 0.833 0.893 0.936 0.951 0.931 0.876 0.793 0.698 0.609 0.540 0.499 0.485 0.488 0.496 0.500 0.499 0.496 0.496 0.497 0.498 0.497 0.495 0.494 0.492 0.491 0.488 0.485 0.482 0.485 0.490 0.498 0.502 0.502 0.499 0.498 0.500 0.503 0.507 0.507 0.504 0.497 0.490
4.116 4.122 4.083 3.920 3.593 3.131 2.615 2.148 1.802 1.599 1.506 1.479 1.477 1.482 1.486 1.488 1.489 1.490 1.492 1.494 1.492 1.480 1.447 1.386 1.293 1.174 1.044 0.918 0.810 0.733 0.693 0.688 0.714 0.759 0.815 0.873 0.922 0.955 0.962 0.938 0.883 0.802 0.709 0.621 0.552 0.509 0.492 0.490 0.495 0.497 0.496 0.495 0.497 0.500 0.502 0.502 0.498 0.494 0.489 0.485 0.481 0.477 0.475 0.478 0.485 0.494 0.500 0.500 0.497 0.495 0.495 0.499 0.503 0.505 0.502 0.495 0.486
5.226 5.187 5.039 4.711 4.188 3.533 2.858 2.276 1.860 1.619 1.511 1.477 1.474 1.478 1.481 1.481 1.479 1.477 1.478 1.480 1.480 1.471 1.439 1.376 1.280 1.159 1.029 0.907 0.808 0.745 0.718 0.727 0.761 0.809 0.860 0.908 0.946 0.970 0.972 0.947 0.893 0.815 0.725 0.638 0.568 0.522 0.499 0.490 0.488 0.488 0.489 0.492 0.498 0.505 0.509 0.507 0.501 0.493 0.486 0.481 0.477 0.473 0.471 0.473 0.479 0.488 0.493 0.493 0.489 0.485 0.485 0.489 0.495 0.499 0.500 0.495 0.487
6.254 6.134 5.814 5.264 4.523 3.701 2.924 2.293 1.860 1.616 1.507 1.474 1.470 1.473 1.474 1.471 1.465 1.461 1.460 1.465 1.470 1.464 1.434 1.371 1.272 1.150 1.022 0.908 0.821 0.771 0.757 0.775 0.813 0.859 0.902 0.938 0.965 0.977 0.974 0.948 0.897 0.823 0.737 0.652 0.582 0.533 0.503 0.488 0.481 0.480 0.483 0.490 0.501 0.510 0.513 0.508 0.499 0.490 0.486 0.485 0.482 0.478 0.474 0.474 0.478 0.484 0.487 0.485 0.480 0.476 0.475 0.480 0.489 0.498 0.503 0.501 0.494
6.977 6.752 6.225 5.439 4.507 3.582 2.787 2.189 1.799 1.586 1.493 1.465 1.462 1.465 1.466 1.462 1.456 1.452 1.454 1.464 1.477 1.477 1.448 1.380 1.275 1.149 1.023 0.918 0.846 0.809 0.806 0.829 0.867 0.908 0.943 0.967 0.980 0.981 0.968 0.938 0.888 0.818 0.736 0.654 0.585 0.535 0.504 0.485 0.476 0.475 0.480 0.491 0.503 0.512 0.512 0.503 0.494 0.490 0.492 0.497 0.499 0.496 0.490 0.487 0.487 0.489 0.488 0.484 0.478 0.474 0.475 0.481 0.492 0.504 0.511 0.509 0.502
7.210 6.888 6.180 5.211 4.168 3.230 2.500 1.998 1.694 1.535 1.468 1.449 1.451 1.461 1.470 1.475 1.479 1.484 1.499 1.522 1.545 1.549 1.512 1.425 1.300 1.161 1.034 0.936 0.876 0.851 0.857 0.883 0.919 0.955 0.982 0.997 0.998 0.986 0.962 0.925 0.873 0.805 0.727 0.649 0.582 0.533 0.502 0.485 0.478 0.480 0.488 0.500 0.511 0.514 0.509 0.500 0.493 0.496 0.508 0.522 0.528 0.526 0.519 0.513 0.509 0.507 0.503 0.497 0.491 0.488 0.490 0.495 0.504 0.513 0.517 0.515 0.506
6.859 6.485 5.691 4.662 3.627 2.768 2.161 1.783 1.575 1.473 1.435 1.430 1.446 1.478 1.517 1.557 1.594 1.631 1.674 1.721 1.754 1.747 1.677 1.541 1.368 1.195 1.053 0.958 0.906 0.892 0.903 0.929 0.962 0.992 1.015 1.023 1.017 0.995 0.962 0.918 0.864 0.798 0.723 0.649 0.584 0.537 0.508 0.496 0.494 0.501 0.511 0.522 0.527 0.525 0.516 0.505 0.503 0.515 0.537 0.557 0.568 0.567 0.560 0.552 0.545 0.540 0.534 0.528 0.524 0.521 0.521 0.522 0.524 0.525 0.524 0.521 0.514
5.979 5.619 4.871 3.932 3.027 2.320 1.856 1.595 1.466 1.408 1.391 1.407 1.457 1.544 1.657 1.779 1.897 2.004 2.102 2.178 2.209 2.158 2.005 1.767 1.498 1.258 1.084 0.980 0.933 0.924 0.938 0.962 0.989 1.014 1.032 1.038 1.029 1.006 0.970 0.926 0.871 0.807 0.736 0.665 0.603 0.559 0.535 0.528 0.533 0.543 0.553 0.559 0.559 0.551 0.539 0.530 0.532 0.551 0.579 0.604 0.617 0.618 0.612 0.604 0.596 0.591 0.585 0.581 0.578 0.575 0.571 0.564 0.558 0.552 0.548 0.544 0.541
4.806 4.517 3.923 3.186 2.491 1.964 1.634 1.458 1.374 1.338 1.335 1.378 1.491 1.683 1.937 2.216 2.479 2.707 2.885 2.991 2.989 2.838 2.530 2.117 1.694 1.349 1.121 1.000 0.952 0.946 0.960 0.980 1.001 1.018 1.030 1.035 1.029 1.013 0.985 0.946 0.896 0.836 0.769 0.704 0.648 0.609 0.590 0.588 0.597 0.608 0.615 0.616 0.609 0.597 0.585 0.577 0.583 0.604 0.635 0.662 0.679 0.683 0.680 0.674 0.669 0.665 0.663 0.661 0.660 0.656 0.647 0.636 0.625 0.616 0.612 0.610 0.610
3.711 3.518 3.117 2.613 2.129 1.756 1.514 1.377 1.300 1.258 1.260 1.341 1.549 1.904 2.377 2.892 3.369 3.758 4.029 4.149 4.068 3.746 3.206 2.550 1.925 1.448 1.154 1.012 0.962 0.958 0.971 0.988 1.001 1.011 1.017 1.021 1.022 1.015 1.001 0.973 0.931 0.878 0.819 0.761 0.715 0.683 0.670 0.672 0.682 0.690 0.692 0.687 0.676 0.663 0.651 0.646 0.653 0.676 0.709 0.739 0.760 0.769 0.772 0.772 0.771 0.771 0.772 0.774 0.774 0.769 0.761 0.749 0.739 0.731 0.729 0.730 0.731
3.078 2.967 2.724 2.395 2.047 1.745 1.518 1.358 1.245 1.171 1.167 1.293 1.621 2.184 2.932 3.739 4.469 5.033 5.386 5.484 5.271 4.723 3.900 2.969 2.130 1.522 1.169 1.010 0.962 0.962 0.977 0.990 0.998 1.002 1.003 1.006 1.010 1.014 1.010 0.995 0.964 0.922 0.873 0.827 0.790 0.767 0.758 0.761 0.768 0.773 0.771 0.762 0.750 0.737 0.728 0.726 0.737 0.763 0.799 0.836 0.864 0.883 0.893 0.899 0.903 0.906 0.910 0.914 0.916 0.914 0.907 0.900 0.894 0.892 0.893 0.895 0.897
3.126 3.062 2.898 2.633 2.301 1.960 1.657 1.410 1.218 1.090 1.070 1.237 1.688 2.465 3.493 4.590 5.560 6.274 6.672 6.707 6.329 5.537 4.440 3.263 2.248 1.543 1.154 0.993 0.954 0.961 0.978 0.991 0.997 0.997 0.995 0.997 1.002 1.008 1.011 1.003 0.983 0.952 0.917 0.882 0.855 0.838 0.832 0.834 0.838 0.839 0.835 0.826 0.815 0.806 0.801 0.804 0.820 0.853 0.898 0.947 0.988 1.016 1.035 1.046 1.053 1.058 1.063 1.067 1.069 1.069 1.067 1.065 1.065 1.068 1.071 1.075 1.077
3.788 3.729 3.561 3.251 2.823 2.347 1.898 1.518 1.224 1.030 0.985 1.181 1.726 2.665 3.903 5.215 6.353 7.157 7.555 7.505 6.970 5.978 4.684 3.353 2.245 1.504 1.114 0.967 0.942 0.959 0.980 0.993 0.998 0.997 0.994 0.994 0.997 1.003 1.005 1.001 0.988 0.967 0.943 0.919 0.900 0.887 0.881 0.880 0.881 0.880 0.875 0.868 0.860 0.855 0.855 0.865 0.890 0.934 0.993 1.055 1.109 1.150 1.175 1.189 1.197 1.202 1.206 1.209 1.211 1.211 1.212 1.214 1.217 1.223 1.229 1.234 1.236
