DCGAN/data/real/SedofBasin_0004.grd
DSAA
 100 100
 0.0 400.0
 0.0 400.0
 0.0 16.76
[rows 0 to 31 of 100, columns 0 to 71 of 100]
0.692 0.705 0.734 0.779 0.838 0.913 1.003 1.107 1.220 1.339 1.463 1.592 1.727 1.866 2.009 2.146 2.264 2.343 2.360 2.299 2.156 1.943 1.690 1.433 1.204 1.019 0.880 0.781 0.709 0.653 0.608 0.572 0.539 0.513 0.490 0.473 0.462 0.458 0.461 0.468 0.473 0.472 0.462 0.451 0.446 0.457 0.487 0.529 0.572 0.598 0.600 0.575 0.532 0.486 0.449 0.426 0.417 0.419 0.425 0.432 0.439 0.446 0.455 0.462 0.468 0.473 0.477 0.478 0.478 0.477 0.478 0.480
0.682 0.698 0.737 0.793 0.867 0.958 1.064 1.183 1.310 1.441 1.574 1.708 1.844 1.981 2.116 2.241 2.341 2.395 2.382 2.291 2.121 1.893 1.634 1.379 1.158 0.984 0.857 0.767 0.700 0.651 0.611 0.577 0.550 0.526 0.507 0.493 0.486 0.486 0.494 0.507 0.517 0.520 0.515 0.505 0.501 0.513 0.545 0.591 0.636 0.663 0.660 0.626 0.572 0.515 0.467 0.437 0.423 0.421 0.425 0.432 0.440 0.448 0.457 0.465 0.471 0.475 0.478 0.478 0.477 0.475 0.475 0.477
0.666 0.690 0.744 0.823 0.921 1.037 1.168 1.310 1.457 1.604 1.747 1.886 2.020 2.148 2.267 2.365 2.427 2.434 2.367 2.222 2.012 1.759 1.498 1.257 1.060 0.911 0.808 0.737 0.686 0.648 0.618 0.595 0.576 0.561 0.550 0.543 0.544 0.554 0.573 0.597 0.622 0.637 0.640 0.635 0.634 0.649 0.688 0.741 0.791 0.815 0.801 0.748 0.670 0.587 0.516 0.466 0.439 0.428 0.428 0.434 0.442 0.452 0.461 0.470 0.476 0.480 0.480 0.479 0.476 0.472 0.468 0.469
0.650 0.680 0.747 0.841 0.957 1.089 1.233 1.386 1.540 1.689 1.829 1.961 2.083 2.195 2.288 2.353 2.372 2.328 2.211 2.024 1.788 1.533 1.288 1.080 0.921 0.813 0.743 0.701 0.673 0.654 0.640 0.630 0.624 0.621 0.622 0.628 0.642 0.666 0.702 0.746 0.789 0.823 0.840 0.846 0.854 0.879 0.927 0.989 1.042 1.060 1.028 0.946 0.830 0.708 0.601 0.521 0.472 0.446 0.438 0.440 0.448 0.458 0.468 0.477 0.482 0.484 0.483 0.479 0.473 0.467 0.462 0.461
0.613 0.645 0.713 0.809 0.921 1.046 1.179 1.315 1.450 1.578 1.697 1.807 1.909 1.997 2.064 2.099 2.085 2.009 1.869 1.675 1.452 1.229 1.030 0.874 0.767 0.704 0.674 0.665 0.665 0.670 0.677 0.685 0.695 0.708 0.726 0.749 0.782 0.828 0.885 0.952 1.020 1.076 1.115 1.141 1.166 1.206 1.265 1.334 1.385 1.392 1.333 1.213 1.050 0.877 0.723 0.605 0.525 0.478 0.457 0.452 0.458 0.467 0.477 0.485 0.489 0.490 0.486 0.479 0.471 0.464 0.459 0.457
0.532 0.559 0.615 0.693 0.782 0.877 0.975 1.074 1.172 1.263 1.349 1.430 1.505 1.570 1.615 1.629 1.600 1.522 1.395 1.234 1.060 0.896 0.762 0.667 0.614 0.595 0.604 0.628 0.659 0.692 0.724 0.753 0.782 0.814 0.853 0.901 0.961 1.034 1.120 1.213 1.307 1.389 1.455 1.508 1.556 1.615 1.686 1.756 1.798 1.784 1.693 1.526 1.308 1.078 0.871 0.707 0.592 0.521 0.484 0.470 0.471 0.480 0.490 0.498 0.502 0.500 0.494 0.486 0.477 0.469 0.464 0.463
0.406 0.424 0.462 0.513 0.568 0.627 0.685 0.742 0.797 0.851 0.903 0.955 1.006 1.049 1.078 1.083 1.057 0.998 0.907 0.800 0.689 0.593 0.521 0.481 0.472 0.490 0.529 0.582 0.644 0.705 0.763 0.815 0.866 0.922 0.990 1.071 1.167 1.276 1.393 1.516 1.635 1.745 1.839 1.920 1.996 2.072 2.149 2.211 2.235 2.192 2.060 1.845 1.570 1.282 1.021 0.812 0.663 0.568 0.515 0.493 0.490 0.500 0.513 0.524 0.527 0.524 0.516 0.505 0.496 0.489 0.485 0.485
0.268 0.278 0.298 0.325 0.353 0.381 0.407 0.432 0.458 0.483 0.511 0.540 0.569 0.595 0.612 0.615 0.599 0.564 0.513 0.456 0.400 0.357 0.331 0.327 0.346 0.385 0.444 0.517 0.602 0.688 0.769 0.845 0.921 1.009 1.115 1.241 1.384 1.535 1.689 1.840 1.984 2.117 2.236 2.342 2.438 2.525 2.599 2.643 2.639 2.560 2.386 2.122 1.795 1.455 1.148 0.903 0.728 0.615 0.552 0.523 0.521 0.534 0.554 0.571 0.577 0.574 0.562 0.548 0.537 0.532 0.531 0.533
0.158 0.163 0.172 0.183 0.195 0.205 0.213 0.222 0.232 0.242 0.254 0.269 0.284 0.296 0.305 0.306 0.298 0.283 0.262 0.238 0.218 0.204 0.201 0.212 0.239 0.283 0.347 0.428 0.524 0.624 0.723 0.821 0.926 1.052 1.208 1.393 1.593 1.794 1.984 2.162 2.326 2.475 2.611 2.732 2.838 2.924 2.982 2.999 2.959 2.842 2.630 2.325 1.957 1.578 1.240 0.974 0.786 0.665 0.596 0.568 0.570 0.594 0.625 0.653 0.666 0.662 0.646 0.626 0.614 0.611 0.615 0.620
0.093 0.095 0.099 0.103 0.107 0.110 0.112 0.113 0.117 0.122 0.128 0.135 0.141 0.147 0.150 0.150 0.147 0.143 0.138 0.132 0.128 0.126 0.129 0.140 0.160 0.196 0.251 0.325 0.416 0.516 0.621 0.735 0.869 1.041 1.259 1.514 1.780 2.033 2.260 2.459 2.634 2.791 2.931 3.055 3.157 3.229 3.263 3.248 3.171 3.020 2.778 2.447 2.057 1.659 1.310 1.039 0.851 0.730 0.663 0.638 0.650 0.688 0.738 0.781 0.804 0.801 0.781 0.756 0.741 0.741 0.752 0.761
0.065 0.066 0.067 0.069 0.069 0.069 0.069 0.069 0.071 0.075 0.080 0.085 0.088 0.090 0.091 0.092 0.093 0.096 0.099 0.102 0.104 0.105 0.106 0.109 0.117 0.136 0.171 0.226 0.298 0.385 0.485 0.606 0.765 0.983 1.268 1.598 1.935 2.241 2.499 2.711 2.889 3.041 3.175 3.289 3.376 3.427 3.432 3.385 3.278 3.103 2.847 2.511 2.121 1.728 1.386 1.125 0.944 0.829 0.767 0.748 0.772 0.829 0.901 0.964 1.000 1.002 0.980 0.951 0.935 0.938 0.954 0.966
0.053 0.053 0.054 0.054 0.053 0.052 0.051 0.051 0.054 0.059 0.064 0.069 0.072 0.073 0.075 0.077 0.083 0.090 0.099 0.109 0.115 0.118 0.117 0.112 0.107 0.109 0.122 0.150 0.197 0.261 0.346 0.465 0.642 0.902 1.250 1.654 2.058 2.410 2.691 2.908 3.079 3.219 3.337 3.432 3.497 3.524 3.503 3.429 3.302 3.115 2.862 2.543 2.179 1.814 1.496 1.252 1.083 0.975 0.918 0.908 0.944 1.018 1.111 1.194 1.246 1.257 1.238 1.210 1.194 1.199 1.217 1.228
0.043 0.043 0.044 0.044 0.043 0.041 0.040 0.040 0.044 0.048 0.054 0.059 0.063 0.065 0.068 0.073 0.083 0.095 0.110 0.124 0.135 0.140 0.140 0.132 0.120 0.108 0.102 0.108 0.128 0.166 0.232 0.343 0.530 0.824 1.227 1.696 2.158 2.547 2.843 3.055 3.212 3.332 3.427 3.498 3.539 3.542 3.499 3.407 3.269 3.083 2.846 2.559 2.238 1.918 1.637 1.417 1.261 1.162 1.112 1.110 1.156 1.242 1.349 1.446 1.512 1.536 1.526 1.504 1.490 1.494 1.509 1.516
0.033 0.033 0.033 0.033 0.032 0.031 0.030 0.031 0.034 0.039 0.044 0.048 0.052 0.055 0.060 0.067 0.079 0.095 0.114 0.133 0.148 0.157 0.159 0.154 0.140 0.122 0.105 0.093 0.093 0.110 0.157 0.259 0.453 0.773 1.221 1.742 2.248 2.664 2.965 3.168 3.304 3.399 3.466 3.511 3.528 3.508 3.447 3.343 3.199 3.019 2.803 2.552 2.281 2.013 1.775 1.586 1.452 1.366 1.325 1.331 1.382 1.471 1.580 1.682 1.754 1.788 1.791 1.777 1.767 1.768 1.775 1.776
0.023 0.023 0.022 0.022 0.021 0.021 0.021 0.023 0.026 0.030 0.034 0.038 0.041 0.045 0.049 0.058 0.072 0.089 0.110 0.130 0.148 0.162 0.168 0.165 0.155 0.137 0.115 0.095 0.082 0.085 0.120 0.217 0.418 0.760 1.242 1.801 2.339 2.771 3.071 3.259 3.372 3.439 3.477 3.493 3.484 3.443 3.367 3.254 3.107 2.931 2.729 2.506 2.276 2.056 1.867 1.719 1.615 1.550 1.524 1.536 1.587 1.669 1.767 1.859 1.928 1.966 1.977 1.973 1.966 1.964 1.962 1.954
0.016 0.016 0.015 0.015 0.015 0.015 0.015 0.017 0.019 0.023 0.027 0.030 0.033 0.036 0.041 0.049 0.063 0.081 0.102 0.123 0.142 0.157 0.165 0.167 0.159 0.144 0.123 0.101 0.083 0.082 0.114 0.213 0.422 0.782 1.289 1.876 2.433 2.872 3.166 3.337 3.425 3.462 3.470 3.457 3.422 3.361 3.272 3.150 2.999 2.821 2.621 2.411 2.205 2.023 1.881 1.781 1.719 1.685 1.677 1.695 1.739 1.806 1.883 1.955 2.011 2.046 2.060 2.062 2.056 2.050 2.041 2.025
0.013 0.012 0.012 0.012 0.012 0.012 0.013 0.014 0.016 0.020 0.024 0.028 0.031 0.034 0.039 0.046 0.058 0.077 0.097 0.117 0.135 0.148 0.158 0.160 0.155 0.143 0.126 0.107 0.095 0.098 0.137 0.245 0.465 0.839 1.361 1.959 2.523 2.961 3.243 3.395 3.457 3.466 3.445 3.403 3.344 3.265 3.163 3.034 2.876 2.691 2.482 2.267 2.069 1.914 1.813 1.763 1.749 1.752 1.766 1.789 1.825 1.872 1.925 1.974 2.013 2.038 2.050 2.053 2.048 2.038 2.024 2.004
0.016 0.016 0.015 0.015 0.015 0.014 0.015 0.016 0.018 0.022 0.027 0.031 0.036 0.039 0.043 0.050 0.062 0.078 0.096 0.114 0.129 0.141 0.148 0.150 0.147 0.139 0.130 0.123 0.123 0.143 0.199 0.322 0.555 0.934 1.455 2.047 2.599 3.022 3.285 3.415 3.452 3.435 3.387 3.321 3.241 3.147 3.034 2.900 2.737 2.542 2.321 2.094 1.892 1.750 1.681 1.674 1.705 1.746 1.783 1.814 1.844 1.876 1.908 1.937 1.959 1.975 1.982 1.983 1.977 1.967 1.951 1.931
0.025 0.025 0.024 0.023 0.022 0.021 0.022 0.023 0.025 0.028 0.033 0.039 0.044 0.050 0.055 0.061 0.071 0.084 0.100 0.114 0.126 0.134 0.139 0.141 0.142 0.145 0.150 0.163 0.190 0.238 0.321 0.466 0.707 1.080 1.579 2.139 2.656 3.046 3.280 3.382 3.394 3.352 3.282 3.196 3.101 2.995 2.878 2.741 2.578 2.380 2.152 1.913 1.706 1.567 1.516 1.539 1.603 1.674 1.733 1.776 1.807 1.832 1.852 1.868 1.878 1.884 1.887 1.886 1.881 1.873 1.861 1.845
0.041 0.041 0.039 0.036 0.033 0.032 0.031 0.032 0.034 0.037 0.042 0.049 0.057 0.063 0.069 0.075 0.083 0.094 0.105 0.116 0.124 0.129 0.135 0.142 0.155 0.175 0.207 0.252 0.315 0.400 0.517 0.683 0.928 1.282 1.741 2.247 2.707 3.044 3.236 3.302 3.285 3.219 3.128 3.025 2.918 2.806 2.687 2.556 2.399 2.208 1.983 1.745 1.536 1.398 1.351 1.384 1.461 1.549 1.625 1.682 1.722 1.748 1.764 1.773 1.776 1.776 1.774 1.772 1.771 1.770 1.767 1.762
0.060 0.058 0.056 0.052 0.048 0.045 0.044 0.044 0.045 0.048 0.053 0.059 0.067 0.075 0.081 0.086 0.093 0.101 0.110 0.118 0.125 0.133 0.145 0.167 0.201 0.250 0.317 0.403 0.508 0.632 0.779 0.960 1.201 1.528 1.940 2.386 2.780 3.057 3.194 3.214 3.159 3.062 2.948 2.829 2.710 2.593 2.474 2.348 2.203 2.027 1.819 1.597 1.396 1.259 1.205 1.229 1.301 1.390 1.474 1.542 1.591 1.624 1.642 1.649 1.648 1.642 1.638 1.637 1.641 1.650 1.662 1.673
0.080 0.078 0.074 0.068 0.062 0.058 0.056 0.056 0.057 0.059 0.064 0.070 0.078 0.085 0.091 0.097 0.103 0.111 0.120 0.131 0.144 0.161 0.190 0.234 0.298 0.382 0.489 0.613 0.754 0.906 1.069 1.252 1.481 1.783 2.159 2.559 2.902 3.121 3.201 3.167 3.062 2.925 2.781 2.640 2.507 2.381 2.260 2.137 2.002 1.845 1.661 1.462 1.279 1.145 1.081 1.085 1.138 1.215 1.295 1.367 1.423 1.461 1.483 1.490 1.487 1.481 1.477 1.481 1.496 1.520 1.550 1.584
0.101 0.098 0.091 0.082 0.075 0.070 0.068 0.068 0.069 0.072 0.076 0.082 0.091 0.098 0.106 0.114 0.124 0.138 0.154 0.175 0.202 0.239 0.292 0.364 0.459 0.576 0.713 0.864 1.022 1.180 1.337 1.504 1.713 1.994 2.351 2.731 3.045 3.223 3.251 3.161 3.006 2.827 2.649 2.483 2.332 2.193 2.064 1.938 1.808 1.665 1.504 1.333 1.171 1.046 0.975 0.960 0.989 1.046 1.115 1.183 1.242 1.284 1.311 1.323 1.326 1.326 1.334 1.353 1.386 1.430 1.483 1.540
0.120 0.115 0.107 0.096 0.087 0.082 0.081 0.082 0.086 0.091 0.098 0.107 0.119 0.132 0.146 0.163 0.183 0.208 0.240 0.279 0.328 0.390 0.468 0.566 0.683 0.819 0.967 1.120 1.271 1.410 1.539 1.675 1.853 2.111 2.453 2.820 3.117 3.267 3.259 3.131 2.938 2.728 2.526 2.342 2.176 2.024 1.885 1.753 1.624 1.491 1.349 1.203 1.067 0.956 0.886 0.860 0.873 0.916 0.976 1.040 1.100 1.151 1.189 1.217 1.239 1.264 1.298 1.347 1.410 1.482 1.560 1.640
0.133 0.128 0.119 0.109 0.101 0.099 0.101 0.108 0.118 0.131 0.147 0.166 0.188 0.213 0.241 0.273 0.310 0.355 0.407 0.468 0.540 0.624 0.720 0.829 0.952 1.085 1.220 1.352 1.471 1.572 1.658 1.749 1.884 2.105 2.414 2.753 3.024 3.153 3.125 2.984 2.784 2.569 2.364 2.176 2.006 1.850 1.705 1.571 1.443 1.319 1.197 1.079 0.972 0.886 0.832 0.813 0.828 0.872 0.937 1.009 1.083 1.152 1.215 1.275 1.335 1.403 1.482 1.574 1.673 1.776 1.874 1.967
0.139 0.136 0.129 0.125 0.124 0.130 0.144 0.163 0.186 0.214 0.247 0.284 0.325 0.370 0.419 0.473 0.533 0.599 0.671 0.751 0.838 0.930 1.027 1.130 1.236 1.344 1.447 1.539 1.612 1.663 1.699 1.740 1.825 1.992 2.244 2.529 2.757 2.861 2.831 2.701 2.521 2.327 2.140 1.967 1.806 1.657 1.518 1.389 1.271 1.165 1.070 0.987 0.920 0.874 0.855 0.865 0.907 0.978 1.071 1.173 1.278 1.382 1.486 1.594 1.706 1.827 1.956 2.091 2.225 2.348 2.452 2.539
0.142 0.143 0.145 0.154 0.169 0.193 0.225 0.263 0.307 0.358 0.414 0.475 0.543 0.614 0.690 0.769 0.852 0.937 1.024 1.111 1.199 1.283 1.365 1.445 1.520 1.588 1.646 1.689 1.711 1.712 1.698 1.692 1.726 1.834 2.019 2.236 2.414 2.494 2.468 2.362 2.214 2.054 1.896 1.746 1.604 1.471 1.349 1.239 1.145 1.070 1.015 0.982 0.970 0.980 1.014 1.076 1.169 1.291 1.434 1.586 1.739 1.892 2.047 2.207 2.372 2.540 2.707 2.869 3.015 3.137 3.226 3.284
0.157 0.164 0.181 0.210 0.249 0.297 0.353 0.416 0.486 0.561 0.645 0.733 0.829 0.931 1.035 1.141 1.245 1.345 1.440 1.529 1.608 1.677 1.736 1.785 1.826 1.854 1.868 1.862 1.836 1.791 1.734 1.685 1.674 1.728 1.852 2.008 2.141 2.201 2.178 2.094 1.975 1.844 1.712 1.586 1.468 1.360 1.265 1.187 1.131 1.101 1.101 1.129 1.183 1.260 1.359 1.484 1.637 1.820 2.023 2.234 2.443 2.648 2.850 3.053 3.254 3.448 3.628 3.788 3.920 4.015 4.067 4.077
0.213 0.229 0.264 0.316 0.381 0.454 0.535 0.621 0.713 0.813 0.920 1.036 1.160 1.292 1.426 1.561 1.689 1.809 1.916 2.008 2.086 2.147 2.193 2.226 2.243 2.243 2.222 2.177 2.111 2.023 1.925 1.834 1.780 1.787 1.859 1.965 2.058 2.098 2.073 1.999 1.898 1.786 1.674 1.570 1.477 1.398 1.339 1.303 1.295 1.319 1.377 1.469 1.587 1.728 1.887 2.069 2.276 2.510 2.763 3.023 3.278 3.525 3.763 3.990 4.204 4.396 4.562 4.695 4.792 4.844 4.847 4.802
0.358 0.381 0.433 0.506 0.593 0.687 0.785 0.889 0.999 1.116 1.243 1.382 1.533 1.694 1.862 2.031 2.193 2.346 2.483 2.602 2.701 2.781 2.842 2.882 2.898 2.888 2.848 2.777 2.676 2.549 2.407 2.268 2.164 2.117 2.134 2.187 2.236 2.246 2.208 2.133 2.038 1.937 1.841 1.757 1.690 1.644 1.623 1.631 1.670 1.742 1.850 1.990 2.156 2.341 2.540 2.757 2.994 3.254 3.532 3.817 4.099 4.370 4.624 4.857 5.061 5.234 5.369 5.464 5.518 5.525 5.482 5.392
0.641 0.673 0.740 0.831 0.934 1.042 1.153 1.268 1.390 1.521 1.663 1.821 1.996 2.188 2.392 2.602 2.812 3.016 3.208 3.381 3.534 3.663 3.767 3.841 3.880 3.878 3.835 3.751 3.624 3.460 3.268 3.071 2.902 2.786 2.731 2.714 2.704 2.671 2.607 2.520 2.424 2.329 2.246 2.179 2.136 2.118 2.130 2.171 2.242 2.343 2.477 2.639 2.824 3.023 3.234 3.456 3.695 3.953 4.227 4.512 4.797 5.071 5.323 5.545 5.729 5.873 5.974 6.034 6.052 6.026 5.953 5.835
1.113 1.153 1.238 1.349 1.470 1.592 1.715 1.840 1.973 2.114 2.270 2.444 2.641 2.860 3.101 3.356 3.620 3.886 4.145 4.389 4.613 4.809 4.973 5.096 5.169 5.190 5.157 5.070 4.929 4.734 4.496 4.240 3.999 3.802 3.660 3.559 3.474 3.385 3.283 3.175 3.069 2.974 2.896 2.839 2.809 2.807 2.834 2.887 2.966 3.072 3.202 3.357 3.531 3.717 3.911 4.116 4.333 4.566 4.816 5.079 5.347 5.605 5.840 6.040 6.198 6.313 6.386 6.420 6.417 6.373 6.288 6.166
