DCGAN/data/real/SedofBasin_0004.grd
DSAA
 100 100
 0.0 400.0
 0.0 400.0
 0.0 16.76
[rows 32 to 63 of 100, columns 0 to 71 of 100]
1.805 1.857 1.966 2.105 2.252 2.396 2.536 2.677 2.823 2.978 3.146 3.335 3.550 3.793 4.062 4.355 4.665 4.984 5.302 5.608 5.894 6.152 6.369 6.536 6.644 6.691 6.675 6.598 6.456 6.249 5.983 5.683 5.383 5.114 4.889 4.703 4.541 4.389 4.242 4.104 3.978 3.871 3.783 3.720 3.685 3.678 3.697 3.739 3.802 3.886 3.991 4.117 4.260 4.413 4.574 4.744 4.926 5.123 5.336 5.565 5.800 6.029 6.235 6.404 6.534 6.623 6.675 6.693 6.680 6.633 6.554 6.442
2.723 2.791 2.931 3.107 3.292 3.470 3.640 3.804 3.968 4.139 4.320 4.521 4.748 5.003 5.289 5.602 5.937 6.283 6.632 6.971 7.292 7.583 7.831 8.024 8.154 8.219 8.222 8.163 8.039 7.844 7.583 7.274 6.948 6.634 6.350 6.099 5.872 5.664 5.471 5.295 5.138 5.001 4.887 4.799 4.738 4.703 4.692 4.701 4.729 4.776 4.843 4.929 5.031 5.144 5.265 5.395 5.536 5.691 5.864 6.051 6.246 6.435 6.603 6.739 6.840 6.905 6.939 6.946 6.928 6.885 6.817 6.726
3.835 3.920 4.093 4.313 4.545 4.768 4.977 5.174 5.364 5.554 5.749 5.958 6.188 6.443 6.728 7.038 7.369 7.711 8.057 8.396 8.716 9.008 9.256 9.451 9.586 9.661 9.681 9.645 9.550 9.390 9.164 8.883 8.569 8.251 7.947 7.663 7.399 7.151 6.920 6.706 6.510 6.333 6.178 6.047 5.941 5.861 5.803 5.767 5.750 5.755 5.780 5.825 5.886 5.958 6.038 6.127 6.227 6.342 6.471 6.615 6.765 6.910 7.037 7.137 7.206 7.247 7.264 7.259 7.237 7.197 7.139 7.065
5.061 5.160 5.364 5.628 5.909 6.183 6.438 6.676 6.899 7.113 7.324 7.539 7.765 8.008 8.272 8.557 8.859 9.171 9.487 9.796 10.088 10.353 10.579 10.756 10.882 10.957 10.988 10.974 10.912 10.795 10.621 10.392 10.125 9.839 9.554 9.275 9.006 8.746 8.496 8.254 8.024 7.807 7.607 7.427 7.270 7.137 7.027 6.941 6.879 6.841 6.826 6.833 6.855 6.889 6.931 6.981 7.043 7.117 7.204 7.303 7.407 7.506 7.591 7.654 7.693 7.709 7.706 7.687 7.656 7.612 7.557 7.493
6.283 6.393 6.623 6.925 7.251 7.573 7.877 8.160 8.423 8.668 8.898 9.120 9.338 9.559 9.791 10.035 10.290 10.554 10.821 11.083 11.330 11.552 11.740 11.888 11.996 12.067 12.102 12.104 12.071 11.995 11.873 11.705 11.499 11.270 11.033 10.793 10.552 10.309 10.065 9.820 9.575 9.334 9.101 8.882 8.681 8.501 8.344 8.214 8.111 8.034 7.984 7.956 7.945 7.944 7.950 7.964 7.987 8.022 8.068 8.124 8.183 8.238 8.282 8.309 8.317 8.308 8.282 8.246 8.200 8.147 8.089 8.025
7.378 7.497 7.746 8.075 8.438 8.801 9.150 9.477 9.780 10.058 10.311 10.541 10.751 10.950 11.144 11.341 11.542 11.749 11.959 12.165 12.359 12.532 12.679 12.796 12.884 12.945 12.981 12.994 12.981 12.939 12.862 12.750 12.608 12.446 12.272 12.090 11.900 11.701 11.491 11.269 11.038 10.801 10.562 10.327 10.102 9.893 9.705 9.543 9.409 9.302 9.222 9.164 9.122 9.091 9.065 9.045 9.033 9.030 9.037 9.051 9.067 9.080 9.086 9.080 9.060 9.026 8.980 8.924 8.863 8.798 8.730 8.659
8.259 8.383 8.642 8.989 9.375 9.768 10.150 10.513 10.850 11.158 11.431 11.669 11.872 12.049 12.209 12.360 12.511 12.663 12.818 12.970 13.113 13.240 13.350 13.439 13.510 13.563 13.600 13.622 13.626 13.610 13.573 13.511 13.429 13.330 13.220 13.101 12.971 12.828 12.670 12.495 12.304 12.099 11.883 11.662 11.440 11.227 11.029 10.853 10.702 10.577 10.475 10.394 10.328 10.269 10.216 10.166 10.123 10.087 10.058 10.034 10.012 9.988 9.961 9.926 9.882 9.827 9.762 9.691 9.617 9.541 9.463 9.382
8.896 9.020 9.281 9.632 10.026 10.430 10.830 11.213 11.572 11.897 12.181 12.420 12.615 12.774 12.907 13.024 13.136 13.246 13.358 13.468 13.572 13.666 13.749 13.822 13.883 13.936 13.980 14.014 14.038 14.050 14.048 14.031 14.000 13.956 13.902 13.839 13.765 13.678 13.575 13.455 13.317 13.162 12.990 12.804 12.609 12.414 12.228 12.056 11.905 11.774 11.663 11.568 11.485 11.408 11.334 11.262 11.193 11.130 11.071 11.015 10.961 10.908 10.854 10.796 10.733 10.663 10.587 10.506 10.424 10.342 10.257 10.170
9.313 9.432 9.683 10.022 10.406 10.806 11.204 11.588 11.949 12.275 12.558 12.791 12.977 13.121 13.237 13.333 13.422 13.509 13.597 13.686 13.772 13.853 13.928 13.999 14.066 14.129 14.190 14.246 14.296 14.340 14.373 14.396 14.406 14.406 14.394 14.373 14.342 14.300 14.244 14.172 14.084 13.979 13.855 13.714 13.559 13.397 13.237 13.085 12.946 12.823 12.713 12.615 12.525 12.439 12.354 12.268 12.184 12.101 12.021 11.943 11.866 11.791 11.718 11.645 11.570 11.493 11.411 11.328 11.244 11.161 11.076 10.987
9.566 9.674 9.905 10.219 10.577 10.954 11.333 11.701 12.046 12.358 12.628 12.850 13.026 13.164 13.272 13.363 13.446 13.529 13.614 13.703 13.793 13.882 13.970 14.056 14.142 14.229 14.317 14.404 14.487 14.564 14.631 14.687 14.730 14.760 14.778 14.786 14.783 14.770 14.745 14.707 14.655 14.589 14.506 14.405 14.290 14.166 14.038 13.914 13.796 13.687 13.587 13.495 13.408 13.321 13.233 13.143 13.052 12.961 12.870 12.780 12.692 12.605 12.522 12.443 12.364 12.285 12.204 12.124 12.045 11.966 11.885 11.799
9.720 9.815 10.020 10.299 10.622 10.965 11.312 11.651 11.969 12.258 12.509 12.719 12.890 13.027 13.140 13.237 13.327 13.420 13.518 13.624 13.735 13.848 13.960 14.073 14.189 14.308 14.430 14.552 14.669 14.777 14.874 14.956 15.021 15.071 15.106 15.130 15.143 15.146 15.138 15.120 15.089 15.047 14.991 14.922 14.840 14.749 14.652 14.555 14.460 14.369 14.283 14.201 14.121 14.040 13.957 13.870 13.781 13.691 13.600 13.510 13.420 13.334 13.250 13.172 13.095 13.020 12.946 12.873 12.801 12.729 12.655 12.575
9.838 9.921 10.099 10.343 10.629 10.934 11.246 11.551 11.839 12.102 12.334 12.535 12.706 12.850 12.973 13.083 13.188 13.298 13.415 13.544 13.681 13.822 13.964 14.108 14.255 14.406 14.559 14.711 14.857 14.991 15.109 15.208 15.288 15.350 15.395 15.426 15.446 15.456 15.456 15.446 15.427 15.397 15.359 15.311 15.253 15.187 15.116 15.043 14.967 14.893 14.821 14.750 14.680 14.608 14.533 14.454 14.374 14.293 14.211 14.129 14.048 13.970 13.895 13.824 13.756 13.689 13.624 13.560 13.496 13.432 13.366 13.293
9.973 10.046 10.203 10.420 10.674 10.947 11.226 11.500 11.760 11.999 12.217 12.411 12.584 12.736 12.872 12.996 13.117 13.243 13.379 13.528 13.685 13.849 14.016 14.184 14.356 14.529 14.704 14.876 15.040 15.190 15.321 15.431 15.519 15.587 15.637 15.671 15.694 15.705 15.708 15.701 15.687 15.666 15.638 15.604 15.563 15.516 15.463 15.407 15.348 15.289 15.229 15.170 15.110 15.048 14.982 14.915 14.847 14.779 14.712 14.646 14.579 14.515 14.454 14.395 14.338 14.283 14.228 14.174 14.119 14.062 14.000 13.933
10.165 10.232 10.376 10.576 10.808 11.058 11.311 11.559 11.795 12.015 12.219 12.408 12.581 12.739 12.883 13.018 13.151 13.289 13.437 13.597 13.767 13.943 14.123 14.303 14.486 14.670 14.853 15.032 15.202 15.357 15.493 15.608 15.700 15.772 15.824 15.859 15.881 15.894 15.896 15.891 15.880 15.864 15.843 15.818 15.789 15.754 15.715 15.673 15.628 15.581 15.533 15.485 15.435 15.384 15.329 15.274 15.220 15.168 15.118 15.069 15.021 14.972 14.926 14.881 14.837 14.793 14.749 14.704 14.657 14.604 14.546 14.478
10.432 10.497 10.637 10.829 11.050 11.283 11.517 11.743 11.959 12.161 12.352 12.531 12.700 12.858 13.005 13.145 13.284 13.430 13.583 13.748 13.920 14.097 14.276 14.456 14.636 14.816 14.995 15.170 15.336 15.488 15.623 15.737 15.829 15.901 15.954 15.990 16.013 16.024 16.028 16.024 16.015 16.002 15.986 15.967 15.945 15.920 15.891 15.859 15.826 15.790 15.755 15.718 15.680 15.640 15.598 15.555 15.516 15.479 15.446 15.413 15.380 15.347 15.314 15.281 15.248 15.215 15.181 15.144 15.102 15.052 14.993 14.923
10.765 10.831 10.971 11.161 11.377 11.599 11.818 12.027 12.223 12.407 12.581 12.748 12.907 13.058 13.203 13.344 13.487 13.635 13.792 13.955 14.123 14.294 14.463 14.632 14.799 14.965 15.130 15.291 15.446 15.588 15.715 15.824 15.914 15.985 16.038 16.074 16.098 16.110 16.114 16.112 16.105 16.095 16.083 16.069 16.053 16.034 16.014 15.991 15.967 15.943 15.919 15.894 15.868 15.839 15.810 15.781 15.754 15.730 15.710 15.689 15.669 15.647 15.624 15.600 15.577 15.552 15.525 15.494 15.456 15.408 15.348 15.275
11.117 11.186 11.329 11.521 11.733 11.947 12.153 12.346 12.524 12.691 12.848 12.999 13.145 13.288 13.429 13.571 13.716 13.867 14.024 14.186 14.348 14.509 14.664 14.816 14.965 15.112 15.257 15.399 15.537 15.665 15.781 15.882 15.967 16.036 16.088 16.125 16.150 16.165 16.172 16.172 16.168 16.162 16.154 16.145 16.134 16.120 16.106 16.091 16.076 16.062 16.048 16.034 16.019 16.002 15.984 15.965 15.948 15.934 15.922 15.910 15.897 15.883 15.868 15.851 15.834 15.815 15.794 15.767 15.731 15.684 15.625 15.552
11.419 11.489 11.635 11.828 12.038 12.246 12.441 12.620 12.784 12.935 13.078 13.216 13.352 13.488 13.626 13.770 13.920 14.076 14.236 14.397 14.555 14.706 14.849 14.984 15.115 15.242 15.367 15.490 15.610 15.723 15.827 15.920 16.000 16.065 16.117 16.157 16.184 16.203 16.214 16.219 16.221 16.219 16.216 16.211 16.205 16.196 16.187 16.178 16.170 16.164 16.158 16.153 16.146 16.137 16.127 16.116 16.106 16.097 16.090 16.083 16.076 16.068 16.057 16.047 16.034 16.019 16.001 15.977 15.944 15.900 15.844 15.776
11.590 11.659 11.806 11.998 12.206 12.409 12.597 12.768 12.922 13.064 13.198 13.327 13.459 13.593 13.734 13.884 14.042 14.206 14.372 14.535 14.691 14.837 14.972 15.098 15.216 15.330 15.441 15.551 15.657 15.759 15.854 15.941 16.017 16.083 16.136 16.179 16.211 16.235 16.252 16.264 16.271 16.275 16.277 16.276 16.274 16.269 16.263 16.258 16.254 16.252 16.251 16.250 16.248 16.245 16.240 16.233 16.227 16.222 16.218 16.216 16.213 16.210 16.206 16.201 16.192 16.182 16.167 16.145 16.116 16.077 16.027 15.969
11.568 11.637 11.780 11.969 12.173 12.371 12.555 12.721 12.873 13.012 13.144 13.275 13.408 13.548 13.698 13.857 14.026 14.199 14.374 14.544 14.705 14.854 14.990 15.117 15.234 15.347 15.455 15.561 15.664 15.763 15.856 15.943 16.021 16.089 16.147 16.195 16.234 16.265 16.290 16.308 16.321 16.330 16.335 16.338 16.337 16.335 16.331 16.326 16.322 16.320 16.318 16.317 16.317 16.315 16.313 16.310 16.307 16.306 16.306 16.309 16.313 16.317 16.320 16.321 16.320 16.313 16.302 16.286 16.262 16.230 16.189 16.142
11.337 11.402 11.538 11.718 11.913 12.105 12.285 12.450 12.602 12.746 12.884 13.022 13.166 13.316 13.477 13.650 13.831 14.018 14.205 14.387 14.560 14.722 14.873 15.013 15.146 15.271 15.392 15.508 15.620 15.726 15.827 15.920 16.005 16.081 16.148 16.205 16.253 16.292 16.324 16.347 16.364 16.376 16.383 16.387 16.387 16.385 16.379 16.372 16.364 16.357 16.350 16.346 16.343 16.341 16.339 16.338 16.338 16.341 16.348 16.359 16.373 16.387 16.401 16.411 16.418 16.420 16.415 16.405 16.388 16.365 16.336 16.301
10.934 10.993 11.115 11.279 11.459 11.640 11.812 11.974 12.127 12.275 12.423 12.573 12.729 12.894 13.070 13.256 13.452 13.655 13.858 14.059 14.253 14.439 14.616 14.786 14.948 15.102 15.249 15.389 15.521 15.645 15.762 15.869 15.967 16.056 16.134 16.202 16.259 16.307 16.344 16.372 16.392 16.404 16.412 16.414 16.414 16.409 16.400 16.388 16.372 16.355 16.341 16.329 16.322 16.317 16.315 16.314 16.317 16.324 16.340 16.361 16.387 16.415 16.443 16.466 16.485 16.497 16.502 16.500 16.492 16.479 16.460 16.436
10.443 10.492 10.597 10.737 10.894 11.055 11.212 11.364 11.514 11.663 11.818 11.978 12.146 12.323 12.511 12.711 12.921 13.140 13.363 13.589 13.812 14.033 14.248 14.459 14.662 14.855 15.040 15.212 15.373 15.522 15.660 15.786 15.901 16.005 16.096 16.175 16.242 16.297 16.339 16.370 16.391 16.404 16.410 16.412 16.409 16.401 16.387 16.366 16.341 16.314 16.289 16.269 16.256 16.247 16.243 16.241 16.245 16.258 16.280 16.313 16.353 16.396 16.439 16.478 16.511 16.535 16.552 16.560 16.561 16.557 16.548 16.534
9.963 10.003 10.086 10.199 10.327 10.461 10.597 10.732 10.869 11.013 11.164 11.326 11.498 11.681 11.875 12.083 12.302 12.534 12.778 13.030 13.287 13.549 13.810 14.068 14.318 14.557 14.782 14.991 15.184 15.360 15.523 15.670 15.802 15.920 16.024 16.113 16.189 16.249 16.296 16.330 16.353 16.365 16.371 16.371 16.366 16.354 16.334 16.307 16.273 16.237 16.203 16.176 16.157 16.144 16.137 16.135 16.139 16.154 16.182 16.223 16.274 16.329 16.386 16.438 16.485 16.523 16.551 16.569 16.580 16.585 16.583 16.576
9.577 9.607 9.670 9.757 9.856 9.963 10.072 10.185 10.304 10.430 10.568 10.720 10.884 11.061 11.251 11.456 11.677 11.916 12.174 12.450 12.741 13.043 13.349 13.653 13.949 14.232 14.496 14.739 14.962 15.166 15.350 15.516 15.664 15.795 15.909 16.006 16.088 16.154 16.205 16.243 16.267 16.282 16.289 16.289 16.282 16.269 16.247 16.216 16.178 16.137 16.099 16.067 16.044 16.029 16.019 16.015 16.018 16.034 16.063 16.107 16.162 16.223 16.286 16.348 16.403 16.452 16.490 16.519 16.538 16.550 16.555 16.553
9.328 9.350 9.397 9.463 9.539 9.621 9.706 9.797 9.892 9.997 10.114 10.245 10.388 10.548 10.722 10.914 11.127 11.364 11.628 11.921 12.237 12.569 12.910 13.251 13.583 13.900 14.195 14.467 14.715 14.940 15.142 15.323 15.482 15.623 15.744 15.848 15.936 16.008 16.065 16.107 16.138 16.157 16.168 16.171 16.166 16.154 16.133 16.104 16.068 16.028 15.991 15.960 15.936 15.920 15.908 15.903 15.905 15.918 15.944 15.984 16.036 16.095 16.156 16.218 16.276 16.329 16.374 16.409 16.435 16.452 16.462 16.465
9.215 9.233 9.271 9.322 9.382 9.446 9.514 9.584 9.660 9.743 9.836 9.941 10.060 10.193 10.345 10.517 10.715 10.942 11.204 11.501 11.827 12.175 12.532 12.891 13.243 13.579 13.894 14.184 14.449 14.689 14.903 15.094 15.261 15.407 15.534 15.644 15.739 15.818 15.883 15.935 15.973 16.001 16.019 16.029 16.030 16.024 16.009 15.986 15.958 15.926 15.895 15.867 15.846 15.830 15.819 15.812 15.813 15.822 15.843 15.875 15.917 15.965 16.018 16.072 16.126 16.177 16.222 16.259 16.287 16.308 16.320 16.326
9.217 9.232 9.264 9.307 9.358 9.411 9.466 9.524 9.584 9.650 9.723 9.805 9.901 10.011 10.140 10.292 10.472 10.686 10.938 11.228 11.550 11.893 12.247 12.604 12.955 13.292 13.612 13.910 14.183 14.430 14.651 14.846 15.016 15.165 15.296 15.412 15.514 15.603 15.680 15.743 15.795 15.834 15.863 15.882 15.892 15.895 15.890 15.877 15.859 15.837 15.814 15.794 15.777 15.763 15.754 15.748 15.747 15.753 15.767 15.789 15.819 15.854 15.894 15.936 15.980 16.023 16.063 16.097 16.124 16.143 16.156 16.162
9.296 9.310 9.339 9.379 9.423 9.471 9.520 9.569 9.621 9.675 9.735 9.803 9.883 9.976 10.089 10.226 10.392 10.592 10.831 11.106 11.410 11.735 12.070 12.407 12.740 13.064 13.374 13.668 13.940 14.188 14.409 14.604 14.774 14.924 15.058 15.178 15.288 15.387 15.476 15.554 15.620 15.674 15.717 15.748 15.769 15.782 15.788 15.786 15.778 15.767 15.753 15.740 15.728 15.719 15.712 15.707 15.705 15.709 15.717 15.730 15.749 15.772 15.799 15.828 15.860 15.892 15.923 15.950 15.972 15.988 15.999 16.005
9.417 9.430 9.458 9.494 9.536 9.580 9.625 9.671 9.717 9.767 9.821 9.882 9.953 10.040 10.145 10.274 10.432 10.622 10.847 11.104 11.387 11.686 11.993 12.301 12.608 12.909 13.201 13.482 13.746 13.988 14.205 14.396 14.564 14.714 14.848 14.972 15.087 15.194 15.294 15.385 15.465 15.533 15.589 15.633 15.667 15.692 15.707 15.715 15.717 15.715 15.710 15.703 15.697 15.692 15.687 15.684 15.683 15.684 15.689 15.696 15.706 15.720 15.736 15.755 15.776 15.798 15.819 15.838 15.853 15.864 15.871 15.875
9.547 9.560 9.585 9.619 9.658 9.699 9.742 9.786 9.831 9.879 9.931 9.990 10.060 10.145 10.248 10.375 10.529 10.712 10.927 11.169 11.431 11.706 11.986 12.267 12.548 12.825 13.098 13.363 13.614 13.846 14.054 14.240 14.405 14.553 14.687 14.811 14.927 15.038 15.144 15.242 15.332 15.412 15.480 15.536 15.582 15.618 15.644 15.662 15.672 15.678 15.679 15.679 15.677 15.676 15.674 15.673 15.672 15.673 15.675 15.679 15.685 15.692 15.701 15.713 15.726 15.739 15.751 15.762 15.771 15.777 15.781 15.783
9.663 9.674 9.697 9.729 9.764 9.803 9.845 9.886 9.931 9.978 10.030 10.089 10.159 10.243 10.346 10.472 10.624 10.804 11.011 11.241 11.487 11.744 12.004 12.267 12.530 12.790 13.047 13.297 13.536 13.756 13.956 14.135 14.295 14.441 14.573 14.694 14.809 14.918 15.023 15.124 15.219 15.305 15.382 15.449 15.506 15.553 15.590 15.617 15.636 15.648 15.657 15.662 15.665 15.666 15.667 15.667 15.668 15.669 15.671 15.673 15.676 15.681 15.687 15.694 15.701 15.708 15.714 15.718 15.721 15.723 15.723 15.722
