DCGAN/data/real/SedofBasin_0001.grd
DSAA
 100 100
 0.0 400.0
 0.0 400.0
 0.0 17.48
[rows 0 to 33 of 100, columns 0 to 76 of 100]
1.083 1.090 1.107 1.135 1.173 1.219 1.270 1.318 1.357 1.377 1.371 1.327 1.233 1.093 0.924 0.755 0.620 0.537 0.508 0.520 0.560 0.617 0.687 0.769 0.856 0.937 0.991 1.004 0.973 0.905 0.806 0.690 0.571 0.469 0.404 0.377 0.381 0.399 0.417 0.427 0.426 0.416 0.402 0.390 0.382 0.382 0.388 0.400 0.412 0.426 0.442 0.459 0.478 0.490 0.486 0.454 0.388 0.300 0.206 0.125 0.069 0.035 0.016 0.008 0.005 0.003 0.003 0.002 0.002 0.001 0.001 0.001 0.001 0.001 0.001 0.001 0.000
1.072 1.079 1.094 1.117 1.150 1.189 1.234 1.276 1.310 1.328 1.321 1.281 1.194 1.065 0.904 0.744 0.613 0.530 0.498 0.505 0.539 0.591 0.656 0.732 0.815 0.892 0.947 0.967 0.950 0.897 0.815 0.710 0.598 0.500 0.430 0.394 0.385 0.392 0.404 0.411 0.410 0.402 0.390 0.380 0.375 0.375 0.382 0.394 0.406 0.419 0.433 0.451 0.469 0.483 0.482 0.455 0.398 0.317 0.227 0.148 0.088 0.050 0.028 0.018 0.012 0.010 0.008 0.007 0.006 0.005 0.004 0.003 0.003 0.003 0.002 0.002 0.002
1.041 1.047 1.057 1.073 1.094 1.121 1.153 1.184 1.207 1.219 1.211 1.177 1.107 0.997 0.860 0.718 0.596 0.515 0.477 0.476 0.500 0.540 0.594 0.658 0.729 0.797 0.852 0.885 0.891 0.868 0.815 0.737 0.644 0.554 0.480 0.428 0.396 0.380 0.376 0.376 0.376 0.374 0.370 0.367 0.368 0.374 0.382 0.391 0.399 0.408 0.419 0.434 0.451 0.466 0.471 0.456 0.415 0.350 0.273 0.197 0.135 0.090 0.061 0.044 0.035 0.031 0.028 0.025 0.021 0.017 0.015 0.012 0.011 0.010 0.010 0.009 0.009
0.982 0.985 0.989 0.994 1.002 1.014 1.031 1.049 1.062 1.065 1.056 1.029 0.976 0.895 0.788 0.673 0.570 0.494 0.454 0.444 0.456 0.482 0.520 0.568 0.621 0.675 0.725 0.765 0.792 0.800 0.784 0.742 0.680 0.610 0.538 0.470 0.411 0.367 0.341 0.332 0.333 0.341 0.352 0.368 0.386 0.402 0.414 0.418 0.416 0.412 0.412 0.417 0.429 0.443 0.454 0.453 0.431 0.389 0.331 0.267 0.207 0.158 0.123 0.101 0.087 0.080 0.074 0.068 0.060 0.051 0.044 0.039 0.037 0.036 0.035 0.033 0.032
0.887 0.886 0.883 0.878 0.873 0.872 0.876 0.880 0.883 0.881 0.870 0.851 0.817 0.765 0.694 0.612 0.534 0.473 0.435 0.420 0.421 0.434 0.455 0.483 0.515 0.549 0.586 0.625 0.662 0.694 0.714 0.716 0.697 0.657 0.594 0.515 0.431 0.360 0.313 0.292 0.294 0.316 0.351 0.397 0.446 0.485 0.506 0.503 0.483 0.455 0.433 0.422 0.421 0.429 0.440 0.448 0.445 0.427 0.394 0.349 0.301 0.256 0.219 0.194 0.179 0.170 0.163 0.153 0.139 0.123 0.110 0.102 0.098 0.096 0.094 0.090 0.087
0.762 0.759 0.748 0.734 0.717 0.703 0.696 0.693 0.689 0.682 0.673 0.661 0.645 0.621 0.586 0.542 0.494 0.453 0.425 0.411 0.407 0.409 0.416 0.424 0.434 0.446 0.462 0.488 0.525 0.571 0.624 0.675 0.708 0.705 0.657 0.570 0.467 0.373 0.305 0.271 0.271 0.305 0.369 0.453 0.544 0.619 0.658 0.654 0.615 0.560 0.509 0.471 0.447 0.438 0.442 0.452 0.462 0.465 0.456 0.434 0.405 0.373 0.344 0.322 0.309 0.303 0.297 0.285 0.266 0.245 0.227 0.217 0.212 0.211 0.208 0.204 0.199
0.630 0.623 0.606 0.582 0.556 0.534 0.520 0.511 0.504 0.496 0.488 0.482 0.482 0.485 0.484 0.476 0.461 0.444 0.432 0.425 0.421 0.418 0.413 0.407 0.397 0.385 0.380 0.386 0.410 0.461 0.541 0.639 0.726 0.764 0.735 0.647 0.532 0.421 0.336 0.284 0.273 0.308 0.391 0.512 0.647 0.765 0.834 0.842 0.797 0.724 0.648 0.578 0.523 0.486 0.472 0.477 0.493 0.509 0.517 0.517 0.507 0.492 0.476 0.463 0.458 0.457 0.457 0.449 0.431 0.410 0.393 0.384 0.382 0.383 0.381 0.377 0.373
0.519 0.508 0.483 0.451 0.418 0.391 0.374 0.364 0.357 0.349 0.342 0.342 0.354 0.378 0.408 0.434 0.450 0.459 0.464 0.466 0.467 0.463 0.454 0.437 0.414 0.385 0.357 0.339 0.346 0.391 0.485 0.614 0.741 0.817 0.812 0.738 0.628 0.516 0.418 0.344 0.307 0.325 0.408 0.547 0.715 0.870 0.976 1.010 0.981 0.912 0.826 0.735 0.647 0.577 0.538 0.532 0.547 0.568 0.586 0.596 0.599 0.598 0.594 0.591 0.594 0.603 0.611 0.612 0.604 0.590 0.580 0.577 0.580 0.586 0.587 0.586 0.584
0.451 0.435 0.403 0.361 0.323 0.293 0.276 0.269 0.264 0.259 0.254 0.258 0.281 0.323 0.376 0.430 0.474 0.505 0.527 0.539 0.544 0.542 0.532 0.512 0.480 0.440 0.395 0.355 0.338 0.365 0.450 0.583 0.726 0.826 0.852 0.812 0.735 0.647 0.552 0.455 0.379 0.357 0.414 0.547 0.727 0.907 1.043 1.111 1.114 1.069 0.992 0.893 0.785 0.690 0.632 0.616 0.628 0.648 0.664 0.672 0.678 0.681 0.683 0.688 0.698 0.715 0.734 0.748 0.753 0.751 0.751 0.757 0.767 0.775 0.779 0.779 0.780
0.433 0.411 0.369 0.319 0.274 0.244 0.229 0.226 0.226 0.225 0.225 0.236 0.267 0.323 0.395 0.469 0.533 0.581 0.614 0.634 0.642 0.641 0.631 0.610 0.576 0.530 0.472 0.413 0.370 0.366 0.421 0.529 0.657 0.764 0.822 0.835 0.821 0.783 0.710 0.600 0.481 0.407 0.418 0.523 0.693 0.880 1.035 1.128 1.159 1.143 1.087 0.998 0.890 0.791 0.731 0.714 0.724 0.738 0.744 0.743 0.740 0.738 0.740 0.748 0.764 0.789 0.819 0.846 0.863 0.873 0.882 0.894 0.906 0.913 0.913 0.909 0.910
0.457 0.431 0.379 0.319 0.268 0.238 0.226 0.226 0.231 0.235 0.243 0.263 0.306 0.373 0.456 0.541 0.617 0.673 0.711 0.732 0.740 0.737 0.727 0.706 0.672 0.621 0.555 0.479 0.410 0.373 0.385 0.448 0.543 0.642 0.725 0.795 0.851 0.878 0.844 0.736 0.588 0.465 0.426 0.492 0.640 0.818 0.972 1.072 1.116 1.117 1.084 1.019 0.933 0.856 0.811 0.802 0.811 0.818 0.812 0.799 0.785 0.775 0.773 0.781 0.802 0.834 0.873 0.911 0.939 0.956 0.967 0.978 0.984 0.981 0.969 0.955 0.950
0.514 0.483 0.424 0.356 0.301 0.268 0.257 0.259 0.265 0.274 0.291 0.324 0.379 0.455 0.543 0.630 0.706 0.762 0.796 0.812 0.814 0.807 0.793 0.770 0.735 0.681 0.609 0.521 0.432 0.364 0.337 0.357 0.416 0.498 0.596 0.705 0.817 0.899 0.907 0.818 0.664 0.514 0.440 0.469 0.585 0.740 0.878 0.969 1.010 1.018 1.003 0.970 0.924 0.885 0.867 0.870 0.879 0.877 0.863 0.842 0.820 0.804 0.798 0.805 0.827 0.864 0.910 0.954 0.986 1.003 1.010 1.010 1.002 0.982 0.951 0.922 0.908
0.584 0.554 0.493 0.423 0.365 0.328 0.313 0.311 0.316 0.328 0.355 0.402 0.470 0.552 0.638 0.718 0.784 0.831 0.854 0.858 0.849 0.834 0.814 0.787 0.749 0.694 0.618 0.524 0.425 0.340 0.287 0.278 0.310 0.377 0.473 0.596 0.731 0.842 0.881 0.822 0.687 0.541 0.452 0.453 0.537 0.662 0.776 0.850 0.884 0.894 0.896 0.894 0.892 0.895 0.905 0.918 0.924 0.917 0.901 0.881 0.862 0.845 0.836 0.841 0.860 0.894 0.936 0.975 1.004 1.014 1.008 0.991 0.965 0.926 0.877 0.834 0.812
0.655 0.626 0.570 0.503 0.444 0.404 0.381 0.371 0.371 0.386 0.422 0.484 0.563 0.648 0.728 0.796 0.845 0.874 0.880 0.868 0.845 0.818 0.789 0.755 0.715 0.660 0.585 0.494 0.396 0.309 0.252 0.233 0.253 0.307 0.390 0.499 0.623 0.731 0.786 0.758 0.661 0.541 0.458 0.445 0.502 0.597 0.689 0.751 0.782 0.796 0.809 0.830 0.859 0.894 0.924 0.941 0.942 0.934 0.924 0.917 0.909 0.897 0.889 0.890 0.901 0.921 0.946 0.969 0.982 0.978 0.956 0.922 0.880 0.829 0.772 0.722 0.693
0.705 0.682 0.635 0.577 0.521 0.475 0.444 0.424 0.419 0.437 0.483 0.556 0.643 0.729 0.802 0.856 0.890 0.900 0.887 0.856 0.817 0.777 0.737 0.699 0.656 0.602 0.535 0.454 0.369 0.296 0.249 0.238 0.258 0.301 0.360 0.435 0.523 0.606 0.659 0.657 0.602 0.520 0.455 0.439 0.480 0.556 0.635 0.693 0.726 0.742 0.758 0.785 0.826 0.872 0.909 0.924 0.920 0.911 0.913 0.924 0.932 0.932 0.925 0.921 0.922 0.923 0.924 0.922 0.913 0.892 0.855 0.809 0.761 0.709 0.659 0.614 0.586
0.720 0.703 0.668 0.620 0.570 0.522 0.484 0.459 0.454 0.477 0.530 0.609 0.699 0.783 0.850 0.895 0.917 0.913 0.887 0.843 0.791 0.739 0.692 0.648 0.605 0.556 0.500 0.436 0.372 0.319 0.294 0.300 0.326 0.359 0.388 0.419 0.457 0.502 0.539 0.550 0.526 0.478 0.435 0.427 0.463 0.534 0.612 0.674 0.709 0.724 0.733 0.751 0.784 0.823 0.852 0.859 0.848 0.839 0.847 0.871 0.893 0.900 0.896 0.888 0.880 0.868 0.850 0.828 0.802 0.769 0.724 0.676 0.631 0.594 0.563 0.537 0.521
0.691 0.679 0.653 0.616 0.573 0.529 0.493 0.470 0.471 0.500 0.558 0.637 0.723 0.803 0.866 0.908 0.926 0.920 0.890 0.841 0.784 0.727 0.676 0.631 0.590 0.550 0.507 0.462 0.420 0.392 0.388 0.411 0.444 0.466 0.465 0.451 0.438 0.439 0.450 0.456 0.445 0.418 0.395 0.399 0.442 0.517 0.601 0.669 0.706 0.715 0.711 0.712 0.728 0.752 0.768 0.763 0.743 0.728 0.733 0.755 0.777 0.784 0.778 0.770 0.761 0.749 0.729 0.703 0.675 0.639 0.596 0.554 0.522 0.507 0.505 0.509 0.516
0.620 0.611 0.591 0.563 0.528 0.494 0.467 0.454 0.464 0.501 0.560 0.636 0.714 0.787 0.848 0.894 0.919 0.920 0.898 0.857 0.805 0.751 0.701 0.658 0.622 0.591 0.562 0.533 0.509 0.499 0.512 0.545 0.579 0.590 0.565 0.515 0.462 0.422 0.401 0.389 0.374 0.357 0.348 0.367 0.421 0.504 0.594 0.664 0.698 0.697 0.678 0.662 0.660 0.668 0.671 0.659 0.633 0.609 0.601 0.608 0.615 0.614 0.604 0.599 0.598 0.599 0.596 0.586 0.569 0.543 0.509 0.479 0.463 0.469 0.495 0.530 0.563
0.526 0.517 0.499 0.475 0.451 0.429 0.416 0.418 0.439 0.482 0.539 0.606 0.674 0.739 0.800 0.853 0.891 0.909 0.905 0.882 0.845 0.802 0.759 0.721 0.692 0.668 0.648 0.629 0.615 0.612 0.629 0.661 0.690 0.691 0.652 0.584 0.508 0.443 0.396 0.362 0.339 0.325 0.331 0.364 0.430 0.519 0.609 0.671 0.693 0.674 0.635 0.599 0.580 0.575 0.570 0.554 0.527 0.498 0.476 0.465 0.455 0.443 0.432 0.432 0.447 0.472 0.496 0.513 0.516 0.505 0.485 0.465 0.460 0.479 0.521 0.573 0.618
0.440 0.429 0.408 0.384 0.366 0.356 0.359 0.374 0.406 0.449 0.499 0.553 0.608 0.665 0.725 0.785 0.839 0.880 0.901 0.903 0.888 0.861 0.831 0.803 0.778 0.758 0.740 0.721 0.704 0.698 0.707 0.727 0.744 0.735 0.694 0.626 0.550 0.481 0.424 0.383 0.357 0.353 0.375 0.427 0.506 0.597 0.677 0.720 0.715 0.666 0.599 0.538 0.497 0.476 0.462 0.445 0.421 0.391 0.365 0.343 0.324 0.307 0.300 0.311 0.345 0.396 0.450 0.493 0.517 0.521 0.513 0.502 0.500 0.518 0.555 0.602 0.637
0.393 0.378 0.350 0.323 0.306 0.305 0.318 0.344 0.378 0.416 0.455 0.491 0.529 0.573 0.628 0.692 0.760 0.823 0.871 0.903 0.915 0.912 0.898 0.880 0.860 0.839 0.814 0.787 0.760 0.739 0.729 0.729 0.729 0.714 0.677 0.624 0.566 0.512 0.467 0.436 0.425 0.441 0.487 0.562 0.654 0.746 0.809 0.823 0.781 0.693 0.590 0.496 0.428 0.387 0.360 0.339 0.317 0.291 0.266 0.243 0.225 0.213 0.215 0.240 0.293 0.366 0.443 0.506 0.546 0.563 0.563 0.557 0.554 0.560 0.577 0.599 0.608
0.406 0.386 0.349 0.314 0.295 0.296 0.314 0.341 0.371 0.398 0.417 0.432 0.447 0.475 0.518 0.580 0.655 0.735 0.810 0.872 0.915 0.939 0.946 0.939 0.924 0.898 0.865 0.823 0.779 0.738 0.707 0.684 0.666 0.644 0.615 0.581 0.548 0.521 0.502 0.497 0.512 0.556 0.629 0.726 0.831 0.922 0.969 0.954 0.875 0.751 0.614 0.490 0.394 0.330 0.288 0.258 0.234 0.211 0.189 0.170 0.157 0.155 0.168 0.207 0.273 0.359 0.447 0.520 0.568 0.593 0.602 0.602 0.597 0.591 0.584 0.575 0.553
0.473 0.449 0.405 0.362 0.338 0.338 0.354 0.376 0.395 0.403 0.399 0.387 0.379 0.384 0.412 0.464 0.538 0.627 0.720 0.809 0.882 0.935 0.966 0.974 0.964 0.936 0.892 0.836 0.775 0.715 0.662 0.619 0.585 0.556 0.533 0.515 0.507 0.508 0.520 0.544 0.586 0.652 0.742 0.850 0.959 1.044 1.078 1.043 0.945 0.805 0.653 0.515 0.403 0.321 0.263 0.223 0.193 0.168 0.147 0.132 0.126 0.132 0.157 0.204 0.275 0.361 0.447 0.516 0.563 0.591 0.608 0.616 0.616 0.603 0.579 0.544 0.497
0.566 0.541 0.494 0.448 0.421 0.420 0.433 0.446 0.450 0.436 0.406 0.369 0.337 0.322 0.331 0.369 0.433 0.520 0.622 0.728 0.825 0.902 0.954 0.978 0.976 0.948 0.898 0.833 0.758 0.683 0.615 0.557 0.513 0.479 0.459 0.452 0.462 0.487 0.523 0.570 0.627 0.698 0.785 0.883 0.978 1.047 1.069 1.030 0.936 0.810 0.675 0.549 0.440 0.353 0.287 0.237 0.199 0.170 0.149 0.137 0.136 0.149 0.179 0.228 0.294 0.368 0.438 0.492 0.528 0.553 0.573 0.591 0.597 0.584 0.552 0.503 0.441
0.652 0.630 0.589 0.547 0.524 0.522 0.532 0.538 0.526 0.492 0.442 0.385 0.334 0.302 0.296 0.319 0.370 0.447 0.546 0.654 0.759 0.849 0.912 0.949 0.954 0.931 0.882 0.812 0.732 0.649 0.572 0.507 0.457 0.423 0.404 0.404 0.426 0.466 0.518 0.575 0.634 0.694 0.759 0.827 0.891 0.933 0.942 0.908 0.840 0.751 0.657 0.567 0.482 0.406 0.339 0.284 0.240 0.209 0.188 0.178 0.180 0.195 0.224 0.266 0.318 0.371 0.415 0.445 0.463 0.478 0.498 0.519 0.531 0.520 0.485 0.432 0.368
0.712 0.697 0.668 0.640 0.625 0.626 0.635 0.635 0.614 0.568 0.505 0.436 0.376 0.334 0.319 0.331 0.368 0.430 0.514 0.609 0.705 0.788 0.851 0.888 0.899 0.882 0.838 0.772 0.692 0.607 0.528 0.462 0.412 0.379 0.364 0.369 0.397 0.444 0.502 0.559 0.611 0.653 0.690 0.724 0.752 0.767 0.762 0.739 0.701 0.657 0.612 0.565 0.513 0.455 0.396 0.342 0.297 0.264 0.244 0.236 0.237 0.248 0.269 0.296 0.325 0.350 0.366 0.372 0.372 0.375 0.389 0.409 0.420 0.411 0.380 0.333 0.279
0.747 0.740 0.728 0.717 0.714 0.721 0.730 0.728 0.703 0.655 0.589 0.519 0.457 0.414 0.395 0.400 0.426 0.471 0.532 0.602 0.672 0.733 0.780 0.809 0.819 0.806 0.770 0.711 0.637 0.557 0.481 0.417 0.369 0.339 0.327 0.336 0.365 0.411 0.466 0.519 0.561 0.590 0.608 0.617 0.620 0.616 0.607 0.596 0.585 0.578 0.570 0.558 0.533 0.495 0.446 0.395 0.349 0.315 0.293 0.280 0.276 0.277 0.283 0.290 0.296 0.296 0.290 0.278 0.266 0.262 0.270 0.285 0.294 0.287 0.263 0.229 0.192
0.764 0.766 0.771 0.778 0.788 0.801 0.812 0.811 0.789 0.745 0.684 0.618 0.561 0.520 0.500 0.500 0.518 0.548 0.584 0.622 0.657 0.686 0.709 0.725 0.728 0.718 0.688 0.639 0.574 0.503 0.434 0.374 0.330 0.300 0.288 0.295 0.321 0.361 0.407 0.452 0.488 0.511 0.522 0.523 0.518 0.512 0.511 0.515 0.527 0.542 0.556 0.561 0.553 0.526 0.483 0.433 0.384 0.344 0.314 0.292 0.276 0.264 0.255 0.245 0.233 0.219 0.203 0.186 0.173 0.168 0.173 0.183 0.189 0.187 0.173 0.156 0.139
0.771 0.781 0.800 0.823 0.845 0.864 0.876 0.875 0.858 0.821 0.770 0.713 0.661 0.622 0.601 0.597 0.606 0.620 0.633 0.641 0.642 0.642 0.642 0.643 0.642 0.633 0.610 0.570 0.519 0.460 0.402 0.348 0.303 0.271 0.254 0.253 0.268 0.296 0.331 0.366 0.396 0.418 0.430 0.436 0.438 0.444 0.459 0.484 0.513 0.543 0.565 0.576 0.571 0.545 0.502 0.449 0.396 0.348 0.307 0.273 0.244 0.221 0.200 0.181 0.163 0.147 0.132 0.121 0.114 0.114 0.120 0.130 0.137 0.140 0.137 0.133 0.129
0.771 0.786 0.814 0.848 0.878 0.899 0.910 0.908 0.893 0.864 0.822 0.775 0.729 0.692 0.668 0.657 0.656 0.655 0.648 0.633 0.612 0.591 0.576 0.569 0.566 0.561 0.547 0.521 0.487 0.445 0.400 0.354 0.309 0.270 0.241 0.225 0.223 0.234 0.253 0.276 0.299 0.319 0.334 0.347 0.362 0.386 0.421 0.463 0.508 0.546 0.571 0.582 0.574 0.546 0.500 0.443 0.384 0.330 0.282 0.239 0.203 0.173 0.149 0.129 0.115 0.105 0.099 0.097 0.099 0.106 0.116 0.128 0.139 0.147 0.153 0.156 0.158
0.763 0.780 0.814 0.852 0.883 0.901 0.905 0.896 0.879 0.853 0.819 0.781 0.743 0.710 0.683 0.665 0.652 0.639 0.618 0.589 0.558 0.529 0.509 0.501 0.501 0.505 0.504 0.498 0.485 0.465 0.438 0.404 0.360 0.312 0.267 0.230 0.207 0.197 0.197 0.203 0.215 0.229 0.245 0.263 0.289 0.325 0.373 0.428 0.480 0.522 0.550 0.559 0.549 0.518 0.470 0.413 0.354 0.300 0.253 0.211 0.175 0.147 0.125 0.112 0.105 0.105 0.109 0.115 0.124 0.136 0.150 0.164 0.178 0.192 0.202 0.206 0.208
0.750 0.768 0.802 0.839 0.865 0.873 0.863 0.841 0.815 0.786 0.757 0.728 0.700 0.672 0.647 0.624 0.602 0.578 0.550 0.518 0.486 0.458 0.441 0.437 0.444 0.458 0.476 0.493 0.507 0.515 0.513 0.493 0.454 0.399 0.338 0.280 0.234 0.201 0.180 0.168 0.166 0.172 0.184 0.204 0.233 0.272 0.321 0.375 0.426 0.466 0.492 0.501 0.491 0.461 0.415 0.362 0.310 0.265 0.228 0.196 0.169 0.149 0.137 0.132 0.136 0.145 0.157 0.168 0.181 0.194 0.207 0.222 0.238 0.253 0.262 0.263 0.258
0.738 0.755 0.787 0.820 0.837 0.830 0.801 0.761 0.719 0.683 0.654 0.631 0.612 0.593 0.572 0.548 0.522 0.494 0.465 0.436 0.408 0.386 0.374 0.374 0.388 0.413 0.449 0.491 0.535 0.575 0.599 0.599 0.570 0.514 0.443 0.369 0.305 0.252 0.211 0.182 0.167 0.164 0.172 0.189 0.214 0.246 0.284 0.324 0.360 0.390 0.409 0.417 0.408 0.382 0.344 0.300 0.260 0.230 0.209 0.194 0.184 0.178 0.178 0.186 0.200 0.217 0.234 0.247 0.258 0.269 0.279 0.292 0.304 0.315 0.319 0.312 0.300
0.733 0.749 0.780 0.807 0.814 0.791 0.742 0.679 0.619 0.570 0.537 0.518 0.506 0.494 0.479 0.460 0.435 0.409 0.383 0.359 0.338 0.322 0.313 0.316 0.334 0.367 0.417 0.481 0.553 0.620 0.670 0.691 0.677 0.629 0.558 0.479 0.405 0.339 0.285 0.244 0.220 0.210 0.214 0.225 0.242 0.259 0.276 0.291 0.302 0.312 0.319 0.321 0.312 0.294 0.267 0.238 0.214 0.202 0.200 0.206 0.215 0.227 0.242 0.264 0.288 0.310 0.327 0.338 0.346 0.352 0.357 0.364 0.371 0.376 0.372 0.358 0.339
