DCGAN/data/real/SedofBasin_0001.grd
DSAA
 100 100
 0.0 400.0
 0.0 400.0
 0.0 17.48
[rows 34 to 67 of 100, columns 0 to 76 of 100]
0.736 0.753 0.782 0.805 0.803 0.766 0.698 0.614 0.535 0.473 0.433 0.413 0.405 0.400 0.391 0.377 0.358 0.337 0.318 0.300 0.284 0.272 0.265 0.269 0.287 0.324 0.382 0.460 0.551 0.639 0.710 0.751 0.754 0.720 0.661 0.587 0.513 0.445 0.387 0.341 0.313 0.300 0.299 0.303 0.307 0.305 0.296 0.280 0.262 0.246 0.237 0.230 0.222 0.210 0.196 0.183 0.178 0.185 0.204 0.230 0.259 0.289 0.319 0.352 0.382 0.405 0.420 0.428 0.432 0.433 0.435 0.437 0.439 0.438 0.428 0.410 0.389
0.738 0.754 0.783 0.805 0.799 0.753 0.671 0.571 0.474 0.399 0.351 0.330 0.324 0.323 0.320 0.312 0.300 0.287 0.274 0.262 0.251 0.240 0.235 0.239 0.255 0.290 0.349 0.433 0.533 0.635 0.720 0.775 0.795 0.780 0.736 0.675 0.609 0.547 0.493 0.451 0.423 0.408 0.401 0.397 0.386 0.363 0.327 0.282 0.236 0.198 0.173 0.158 0.149 0.143 0.140 0.143 0.156 0.182 0.219 0.264 0.311 0.356 0.399 0.438 0.470 0.491 0.503 0.507 0.507 0.507 0.507 0.508 0.508 0.505 0.495 0.479 0.462
0.716 0.734 0.765 0.788 0.781 0.733 0.645 0.535 0.427 0.342 0.289 0.265 0.261 0.263 0.265 0.263 0.259 0.254 0.247 0.240 0.231 0.223 0.219 0.222 0.235 0.264 0.319 0.401 0.504 0.610 0.703 0.770 0.803 0.803 0.775 0.729 0.676 0.625 0.581 0.546 0.521 0.505 0.492 0.477 0.451 0.407 0.349 0.282 0.217 0.166 0.133 0.115 0.107 0.105 0.110 0.124 0.151 0.191 0.243 0.302 0.362 0.419 0.470 0.511 0.541 0.559 0.567 0.569 0.569 0.568 0.570 0.572 0.573 0.571 0.566 0.556 0.545
0.654 0.672 0.704 0.730 0.728 0.683 0.597 0.487 0.378 0.291 0.236 0.212 0.208 0.212 0.216 0.219 0.222 0.223 0.222 0.219 0.213 0.208 0.205 0.207 0.216 0.240 0.288 0.364 0.462 0.567 0.662 0.733 0.774 0.786 0.771 0.739 0.700 0.662 0.631 0.606 0.585 0.567 0.547 0.522 0.482 0.423 0.349 0.270 0.199 0.147 0.115 0.101 0.096 0.098 0.108 0.128 0.162 0.210 0.270 0.337 0.404 0.467 0.521 0.561 0.586 0.601 0.607 0.608 0.608 0.609 0.612 0.616 0.619 0.621 0.620 0.617 0.613
0.548 0.565 0.597 0.626 0.631 0.596 0.521 0.421 0.321 0.240 0.189 0.166 0.162 0.165 0.170 0.175 0.180 0.185 0.188 0.189 0.187 0.185 0.184 0.186 0.193 0.214 0.254 0.321 0.408 0.504 0.594 0.665 0.710 0.727 0.721 0.701 0.675 0.652 0.633 0.617 0.601 0.581 0.555 0.521 0.471 0.404 0.325 0.245 0.179 0.134 0.112 0.105 0.108 0.115 0.127 0.149 0.184 0.233 0.293 0.358 0.426 0.489 0.540 0.576 0.597 0.607 0.611 0.611 0.611 0.612 0.616 0.621 0.626 0.630 0.632 0.634 0.633
0.420 0.435 0.465 0.495 0.507 0.484 0.426 0.345 0.261 0.193 0.151 0.131 0.125 0.126 0.129 0.132 0.138 0.143 0.148 0.152 0.154 0.157 0.160 0.164 0.172 0.190 0.225 0.279 0.351 0.432 0.511 0.575 0.617 0.636 0.635 0.624 0.610 0.600 0.592 0.584 0.570 0.549 0.520 0.480 0.427 0.360 0.284 0.213 0.157 0.125 0.114 0.118 0.128 0.139 0.154 0.175 0.207 0.249 0.300 0.357 0.417 0.472 0.517 0.547 0.563 0.569 0.570 0.569 0.567 0.568 0.571 0.576 0.580 0.585 0.588 0.591 0.591
0.303 0.316 0.341 0.370 0.387 0.377 0.336 0.275 0.212 0.161 0.129 0.112 0.105 0.103 0.102 0.103 0.106 0.110 0.116 0.123 0.130 0.138 0.146 0.154 0.164 0.181 0.210 0.254 0.309 0.372 0.434 0.486 0.522 0.538 0.539 0.533 0.528 0.528 0.527 0.523 0.511 0.490 0.460 0.420 0.369 0.310 0.246 0.189 0.147 0.126 0.124 0.134 0.148 0.164 0.180 0.200 0.224 0.254 0.290 0.332 0.376 0.419 0.453 0.475 0.486 0.488 0.487 0.483 0.480 0.478 0.480 0.484 0.488 0.491 0.494 0.495 0.493
0.229 0.238 0.257 0.282 0.299 0.296 0.271 0.229 0.185 0.149 0.126 0.113 0.104 0.098 0.095 0.093 0.094 0.098 0.105 0.114 0.125 0.137 0.150 0.162 0.175 0.193 0.219 0.255 0.297 0.343 0.388 0.425 0.451 0.463 0.464 0.462 0.463 0.467 0.469 0.464 0.452 0.433 0.406 0.372 0.331 0.283 0.236 0.195 0.166 0.153 0.154 0.164 0.179 0.195 0.211 0.227 0.242 0.258 0.275 0.296 0.319 0.344 0.365 0.378 0.382 0.381 0.377 0.372 0.368 0.365 0.365 0.368 0.371 0.373 0.374 0.372 0.368
0.212 0.218 0.230 0.246 0.259 0.258 0.240 0.211 0.182 0.158 0.141 0.128 0.118 0.110 0.104 0.101 0.102 0.106 0.115 0.126 0.139 0.154 0.170 0.184 0.200 0.219 0.246 0.280 0.317 0.354 0.386 0.412 0.428 0.435 0.436 0.438 0.444 0.448 0.448 0.440 0.427 0.410 0.391 0.367 0.338 0.306 0.275 0.249 0.232 0.224 0.224 0.230 0.240 0.253 0.267 0.278 0.283 0.281 0.276 0.273 0.272 0.274 0.278 0.279 0.277 0.273 0.266 0.260 0.256 0.253 0.253 0.255 0.257 0.259 0.258 0.254 0.247
0.253 0.254 0.259 0.266 0.269 0.262 0.243 0.219 0.196 0.178 0.163 0.150 0.138 0.129 0.122 0.120 0.122 0.127 0.136 0.148 0.163 0.177 0.192 0.207 0.224 0.247 0.280 0.320 0.362 0.400 0.430 0.450 0.461 0.467 0.471 0.478 0.485 0.488 0.483 0.470 0.456 0.444 0.433 0.420 0.404 0.387 0.372 0.360 0.353 0.347 0.344 0.344 0.348 0.357 0.366 0.370 0.364 0.346 0.318 0.286 0.257 0.234 0.216 0.204 0.195 0.186 0.179 0.172 0.167 0.164 0.164 0.166 0.167 0.168 0.166 0.161 0.154
0.341 0.340 0.339 0.335 0.325 0.304 0.275 0.246 0.220 0.201 0.185 0.171 0.159 0.150 0.145 0.144 0.147 0.152 0.161 0.172 0.184 0.196 0.208 0.221 0.238 0.267 0.309 0.363 0.419 0.468 0.505 0.527 0.541 0.550 0.560 0.571 0.580 0.581 0.571 0.554 0.540 0.530 0.526 0.522 0.517 0.512 0.510 0.511 0.510 0.508 0.503 0.498 0.498 0.501 0.506 0.504 0.488 0.454 0.405 0.346 0.287 0.235 0.196 0.169 0.151 0.139 0.130 0.122 0.116 0.113 0.111 0.112 0.113 0.113 0.112 0.108 0.102
0.462 0.462 0.458 0.445 0.420 0.381 0.333 0.288 0.252 0.225 0.205 0.191 0.181 0.176 0.173 0.172 0.175 0.179 0.184 0.191 0.198 0.205 0.212 0.222 0.240 0.273 0.327 0.396 0.470 0.537 0.588 0.621 0.641 0.656 0.672 0.686 0.695 0.693 0.681 0.665 0.651 0.644 0.641 0.642 0.643 0.648 0.654 0.662 0.668 0.669 0.664 0.658 0.656 0.657 0.657 0.650 0.627 0.583 0.518 0.437 0.352 0.275 0.216 0.177 0.153 0.137 0.126 0.117 0.110 0.105 0.103 0.101 0.102 0.102 0.101 0.099 0.096
0.602 0.602 0.597 0.579 0.540 0.480 0.410 0.344 0.292 0.254 0.229 0.215 0.207 0.204 0.203 0.203 0.203 0.203 0.204 0.204 0.204 0.204 0.206 0.212 0.228 0.265 0.325 0.406 0.497 0.584 0.653 0.699 0.729 0.750 0.769 0.783 0.791 0.788 0.777 0.763 0.751 0.744 0.742 0.743 0.748 0.755 0.765 0.776 0.784 0.787 0.785 0.781 0.779 0.781 0.780 0.770 0.744 0.697 0.624 0.531 0.430 0.339 0.269 0.225 0.199 0.183 0.171 0.162 0.154 0.148 0.144 0.142 0.141 0.142 0.142 0.143 0.143
0.739 0.739 0.734 0.711 0.662 0.586 0.497 0.410 0.340 0.289 0.258 0.241 0.234 0.232 0.230 0.228 0.225 0.221 0.216 0.210 0.204 0.198 0.193 0.194 0.209 0.244 0.307 0.395 0.498 0.600 0.685 0.746 0.784 0.810 0.829 0.841 0.846 0.843 0.835 0.826 0.817 0.811 0.809 0.810 0.814 0.820 0.828 0.836 0.844 0.847 0.847 0.846 0.848 0.851 0.850 0.840 0.816 0.769 0.697 0.604 0.503 0.413 0.347 0.307 0.286 0.274 0.266 0.257 0.250 0.243 0.240 0.239 0.238 0.239 0.241 0.245 0.250
0.874 0.873 0.864 0.835 0.777 0.690 0.585 0.481 0.392 0.328 0.287 0.266 0.257 0.253 0.250 0.246 0.240 0.233 0.225 0.215 0.204 0.194 0.186 0.184 0.195 0.229 0.290 0.379 0.487 0.598 0.694 0.766 0.813 0.841 0.859 0.868 0.870 0.868 0.864 0.860 0.857 0.854 0.853 0.855 0.857 0.861 0.863 0.866 0.869 0.871 0.871 0.873 0.878 0.882 0.883 0.874 0.852 0.811 0.748 0.667 0.581 0.508 0.458 0.433 0.423 0.419 0.414 0.409 0.402 0.398 0.395 0.395 0.396 0.396 0.400 0.407 0.418
1.046 1.039 1.021 0.980 0.910 0.811 0.691 0.568 0.460 0.379 0.326 0.296 0.282 0.277 0.273 0.268 0.262 0.253 0.243 0.233 0.222 0.210 0.202 0.199 0.209 0.240 0.298 0.384 0.493 0.606 0.708 0.787 0.840 0.870 0.885 0.891 0.891 0.891 0.892 0.896 0.900 0.905 0.910 0.914 0.918 0.918 0.917 0.914 0.910 0.908 0.907 0.909 0.914 0.919 0.921 0.915 0.899 0.869 0.822 0.764 0.704 0.657 0.632 0.626 0.631 0.636 0.636 0.631 0.625 0.620 0.618 0.616 0.614 0.612 0.614 0.624 0.644
1.330 1.315 1.277 1.215 1.123 1.004 0.862 0.713 0.578 0.471 0.399 0.357 0.336 0.327 0.323 0.319 0.313 0.305 0.296 0.287 0.278 0.270 0.264 0.263 0.274 0.302 0.356 0.438 0.541 0.654 0.756 0.838 0.894 0.925 0.938 0.941 0.941 0.942 0.949 0.962 0.980 1.000 1.018 1.031 1.039 1.040 1.036 1.027 1.018 1.010 1.004 1.002 1.004 1.008 1.013 1.016 1.013 1.000 0.978 0.950 0.923 0.908 0.910 0.926 0.946 0.959 0.960 0.954 0.945 0.935 0.926 0.915 0.903 0.893 0.891 0.904 0.933
1.806 1.777 1.712 1.615 1.489 1.336 1.158 0.968 0.790 0.646 0.545 0.484 0.452 0.438 0.431 0.427 0.421 0.414 0.406 0.400 0.394 0.391 0.391 0.395 0.408 0.434 0.483 0.557 0.653 0.759 0.859 0.940 0.995 1.026 1.037 1.037 1.036 1.040 1.055 1.082 1.119 1.163 1.205 1.236 1.255 1.260 1.255 1.241 1.224 1.208 1.194 1.185 1.179 1.183 1.196 1.214 1.232 1.248 1.259 1.268 1.277 1.295 1.326 1.365 1.399 1.419 1.422 1.412 1.397 1.378 1.356 1.329 1.301 1.278 1.272 1.290 1.332
2.495 2.449 2.350 2.210 2.040 1.840 1.612 1.365 1.129 0.934 0.794 0.706 0.656 0.631 0.619 0.613 0.605 0.597 0.589 0.583 0.583 0.586 0.594 0.605 0.620 0.645 0.686 0.749 0.834 0.930 1.024 1.103 1.158 1.186 1.194 1.190 1.186 1.192 1.216 1.261 1.326 1.404 1.479 1.539 1.575 1.587 1.580 1.560 1.535 1.509 1.485 1.465 1.453 1.456 1.479 1.520 1.569 1.621 1.672 1.720 1.769 1.821 1.881 1.943 1.994 2.024 2.031 2.023 2.006 1.981 1.949 1.910 1.872 1.845 1.844 1.874 1.936
3.321 3.259 3.124 2.942 2.725 2.476 2.191 1.881 1.580 1.328 1.145 1.026 0.954 0.915 0.894 0.882 0.869 0.856 0.844 0.837 0.840 0.851 0.869 0.890 0.909 0.931 0.964 1.014 1.085 1.169 1.256 1.332 1.386 1.412 1.414 1.404 1.396 1.403 1.435 1.499 1.594 1.709 1.824 1.915 1.972 1.991 1.982 1.956 1.923 1.890 1.857 1.829 1.811 1.817 1.855 1.922 2.006 2.097 2.188 2.274 2.359 2.443 2.531 2.616 2.688 2.735 2.758 2.765 2.761 2.749 2.728 2.703 2.680 2.675 2.700 2.760 2.851
4.109 4.034 3.876 3.662 3.411 3.124 2.792 2.431 2.079 1.782 1.564 1.418 1.327 1.272 1.240 1.219 1.198 1.175 1.154 1.142 1.143 1.162 1.192 1.224 1.251 1.273 1.297 1.335 1.392 1.466 1.548 1.623 1.678 1.703 1.699 1.681 1.667 1.673 1.710 1.788 1.906 2.051 2.197 2.315 2.386 2.412 2.403 2.373 2.339 2.305 2.272 2.243 2.228 2.242 2.297 2.391 2.508 2.633 2.756 2.873 2.984 3.094 3.204 3.310 3.404 3.478 3.533 3.575 3.612 3.646 3.675 3.705 3.741 3.795 3.875 3.985 4.118
4.653 4.574 4.408 4.184 3.921 3.620 3.272 2.892 2.522 2.211 1.980 1.823 1.720 1.654 1.612 1.582 1.550 1.514 1.478 1.454 1.450 1.473 1.515 1.562 1.601 1.627 1.647 1.677 1.725 1.795 1.879 1.962 2.022 2.048 2.040 2.015 1.995 1.997 2.034 2.115 2.240 2.395 2.551 2.678 2.757 2.787 2.781 2.757 2.730 2.706 2.686 2.670 2.670 2.702 2.779 2.896 3.038 3.186 3.329 3.462 3.587 3.709 3.831 3.953 4.069 4.176 4.277 4.378 4.485 4.599 4.720 4.847 4.980 5.123 5.282 5.454 5.636
4.813 4.738 4.579 4.366 4.116 3.831 3.503 3.149 2.807 2.520 2.307 2.159 2.057 1.988 1.941 1.902 1.861 1.810 1.758 1.718 1.705 1.727 1.779 1.842 1.895 1.931 1.957 1.987 2.039 2.117 2.214 2.313 2.388 2.422 2.417 2.391 2.368 2.367 2.398 2.471 2.584 2.725 2.866 2.982 3.056 3.088 3.091 3.081 3.071 3.068 3.070 3.081 3.109 3.169 3.270 3.407 3.565 3.724 3.872 4.006 4.129 4.249 4.371 4.500 4.634 4.777 4.932 5.105 5.301 5.519 5.751 5.991 6.231 6.470 6.706 6.935 7.154
4.576 4.509 4.367 4.177 3.956 3.707 3.430 3.137 2.859 2.629 2.458 2.336 2.248 2.186 2.140 2.099 2.052 1.993 1.928 1.875 1.853 1.873 1.931 2.007 2.077 2.130 2.172 2.221 2.291 2.394 2.519 2.646 2.747 2.802 2.813 2.798 2.781 2.779 2.803 2.859 2.948 3.057 3.167 3.257 3.319 3.351 3.365 3.371 3.381 3.399 3.427 3.467 3.526 3.616 3.740 3.891 4.054 4.210 4.351 4.473 4.582 4.690 4.804 4.933 5.082 5.257 5.464 5.710 5.993 6.305 6.633 6.962 7.282 7.585 7.866 8.122 8.351
4.049 3.990 3.865 3.698 3.510 3.307 3.091 2.872 2.671 2.508 2.387 2.300 2.234 2.186 2.149 2.114 2.069 2.011 1.947 1.894 1.870 1.891 1.955 2.044 2.134 2.214 2.289 2.374 2.486 2.632 2.802 2.971 3.111 3.202 3.245 3.255 3.253 3.257 3.275 3.315 3.377 3.452 3.527 3.590 3.636 3.666 3.684 3.698 3.716 3.743 3.782 3.838 3.917 4.023 4.157 4.310 4.465 4.608 4.730 4.832 4.924 5.018 5.124 5.254 5.414 5.616 5.865 6.162 6.501 6.866 7.238 7.600 7.939 8.249 8.525 8.766 8.968
3.392 3.339 3.226 3.079 2.919 2.755 2.593 2.439 2.304 2.198 2.121 2.066 2.026 1.995 1.972 1.948 1.917 1.875 1.830 1.793 1.787 1.822 1.901 2.011 2.133 2.257 2.384 2.528 2.701 2.906 3.134 3.357 3.547 3.686 3.772 3.817 3.838 3.850 3.866 3.894 3.934 3.982 4.029 4.069 4.099 4.117 4.127 4.131 4.136 4.149 4.174 4.219 4.290 4.389 4.511 4.645 4.778 4.897 4.996 5.080 5.159 5.246 5.353 5.488 5.658 5.874 6.138 6.448 6.789 7.144 7.492 7.818 8.112 8.372 8.598 8.787 8.939
2.752 2.702 2.599 2.466 2.327 2.193 2.069 1.960 1.871 1.804 1.757 1.727 1.707 1.696 1.689 1.684 1.676 1.666 1.656 1.660 1.692 1.765 1.882 2.034 2.209 2.396 2.594 2.811 3.055 3.328 3.614 3.891 4.131 4.317 4.445 4.525 4.568 4.589 4.602 4.619 4.642 4.670 4.696 4.715 4.724 4.722 4.707 4.682 4.654 4.631 4.619 4.628 4.664 4.727 4.813 4.912 5.010 5.099 5.177 5.249 5.324 5.414 5.526 5.666 5.837 6.044 6.288 6.561 6.849 7.135 7.403 7.643 7.852 8.032 8.185 8.310 8.409
2.229 2.183 2.088 1.969 1.846 1.733 1.635 1.554 1.492 1.448 1.421 1.409 1.407 1.414 1.428 1.449 1.476 1.508 1.551 1.613 1.706 1.840 2.019 2.238 2.485 2.748 3.024 3.311 3.617 3.939 4.266 4.576 4.848 5.065 5.223 5.325 5.382 5.406 5.413 5.416 5.421 5.429 5.434 5.430 5.414 5.381 5.331 5.268 5.199 5.132 5.074 5.037 5.025 5.041 5.079 5.133 5.193 5.254 5.314 5.378 5.453 5.545 5.656 5.788 5.940 6.113 6.304 6.504 6.703 6.889 7.053 7.194 7.314 7.415 7.501 7.572 7.629
1.880 1.839 1.756 1.653 1.547 1.452 1.373 1.310 1.265 1.237 1.225 1.228 1.244 1.271 1.311 1.363 1.431 1.514 1.616 1.742 1.903 2.105 2.356 2.649 2.970 3.303 3.637 3.970 4.302 4.637 4.966 5.274 5.545 5.767 5.932 6.042 6.101 6.120 6.115 6.101 6.084 6.068 6.048 6.019 5.973 5.908 5.825 5.727 5.624 5.523 5.431 5.358 5.308 5.283 5.281 5.295 5.322 5.358 5.402 5.456 5.524 5.607 5.704 5.811 5.926 6.046 6.168 6.286 6.393 6.484 6.559 6.619 6.670 6.715 6.754 6.791 6.822
1.733 1.701 1.635 1.552 1.468 1.394 1.333 1.286 1.254 1.238 1.238 1.256 1.288 1.336 1.401 1.485 1.590 1.719 1.868 2.044 2.252 2.504 2.803 3.144 3.510 3.879 4.233 4.567 4.883 5.188 5.479 5.749 5.988 6.186 6.337 6.438 6.490 6.501 6.484 6.452 6.416 6.377 6.333 6.279 6.209 6.121 6.017 5.903 5.787 5.675 5.573 5.487 5.421 5.376 5.350 5.341 5.345 5.361 5.389 5.428 5.480 5.542 5.611 5.683 5.755 5.822 5.883 5.933 5.972 5.998 6.015 6.027 6.039 6.053 6.068 6.086 6.105
1.796 1.775 1.731 1.677 1.623 1.575 1.536 1.503 1.481 1.471 1.476 1.498 1.538 1.596 1.673 1.773 1.898 2.045 2.211 2.397 2.611 2.863 3.161 3.498 3.856 4.209 4.538 4.833 5.101 5.347 5.576 5.787 5.976 6.135 6.259 6.343 6.386 6.391 6.370 6.332 6.287 6.236 6.181 6.117 6.040 5.948 5.846 5.740 5.636 5.538 5.449 5.374 5.313 5.268 5.237 5.218 5.210 5.213 5.226 5.249 5.281 5.318 5.359 5.398 5.433 5.461 5.482 5.493 5.494 5.488 5.477 5.469 5.465 5.466 5.472 5.481 5.494
2.044 2.035 2.016 1.994 1.976 1.958 1.942 1.923 1.901 1.881 1.870 1.876 1.899 1.942 2.005 2.092 2.201 2.329 2.470 2.621 2.791 2.994 3.237 3.517 3.816 4.110 4.379 4.614 4.818 5.001 5.167 5.319 5.458 5.578 5.676 5.748 5.789 5.801 5.791 5.766 5.733 5.694 5.649 5.597 5.535 5.464 5.387 5.309 5.235 5.166 5.104 5.050 5.006 4.971 4.944 4.925 4.913 4.909 4.912 4.923 4.938 4.957 4.976 4.993 5.006 5.015 5.017 5.013 5.001 4.984 4.967 4.954 4.945 4.943 4.945 4.951 4.960
2.400 2.400 2.402 2.407 2.417 2.426 2.427 2.410 2.374 2.323 2.272 2.233 2.211 2.208 2.228 2.269 2.331 2.408 2.490 2.579 2.679 2.804 2.965 3.159 3.374 3.588 3.784 3.956 4.104 4.235 4.354 4.463 4.565 4.660 4.745 4.816 4.869 4.904 4.923 4.931 4.931 4.924 4.911 4.890 4.861 4.825 4.784 4.741 4.700 4.661 4.624 4.591 4.562 4.538 4.518 4.503 4.492 4.486 4.486 4.492 4.500 4.510 4.520 4.527 4.533 4.536 4.535 4.527 4.515 4.499 4.484 4.472 4.463 4.460 4.459 4.462 4.468
2.730 2.732 2.736 2.747 2.763 2.778 2.780 2.751 2.687 2.593 2.488 2.389 2.309 2.249 2.211 2.195 2.197 2.213 2.234 2.259 2.294 2.349 2.432 2.544 2.678 2.817 2.951 3.072 3.180 3.279 3.372 3.459 3.546 3.632 3.718 3.801 3.878 3.945 4.004 4.054 4.096 4.130 4.155 4.170 4.176 4.172 4.162 4.147 4.129 4.108 4.086 4.064 4.044 4.026 4.012 4.000 3.993 3.992 3.996 4.005 4.016 4.028 4.039 4.047 4.054 4.059 4.060 4.056 4.048 4.036 4.023 4.013 4.004 3.999 3.997 3.998 4.001
