DCGAN/data/real/SedofBasin_0002.grd
DSAA
 100 100
 0.0 400.0
 0.0 400.0
 0.0 11.75
[rows 0 to 33 of 100, columns 0 to 76 of 100]
0.066 0.070 0.080 0.094 0.114 0.137 0.161 0.181 0.193 0.197 0.187 0.166 0.137 0.108 0.084 0.067 0.063 0.071 0.093 0.129 0.172 0.208 0.222 0.210 0.186 0.164 0.157 0.162 0.169 0.169 0.161 0.149 0.138 0.129 0.122 0.115 0.110 0.111 0.120 0.140 0.169 0.202 0.232 0.258 0.277 0.284 0.276 0.260 0.248 0.244 0.248 0.252 0.254 0.253 0.250 0.243 0.229 0.211 0.193 0.181 0.182 0.190 0.196 0.188 0.164 0.133 0.108 0.097 0.099 0.110 0.122 0.131 0.141 0.151 0.160 0.160 0.148
0.090 0.095 0.106 0.123 0.143 0.166 0.189 0.208 0.219 0.220 0.208 0.185 0.153 0.121 0.095 0.076 0.070 0.076 0.097 0.130 0.169 0.201 0.213 0.204 0.181 0.161 0.153 0.157 0.164 0.167 0.163 0.155 0.146 0.137 0.129 0.121 0.117 0.117 0.126 0.143 0.168 0.195 0.221 0.242 0.258 0.265 0.263 0.257 0.254 0.259 0.268 0.276 0.278 0.276 0.270 0.259 0.241 0.218 0.194 0.177 0.173 0.177 0.180 0.173 0.153 0.126 0.106 0.097 0.101 0.112 0.124 0.132 0.140 0.150 0.158 0.158 0.148
0.144 0.149 0.162 0.180 0.202 0.225 0.247 0.263 0.271 0.266 0.249 0.222 0.187 0.150 0.118 0.095 0.084 0.085 0.100 0.126 0.158 0.183 0.193 0.186 0.168 0.151 0.144 0.146 0.153 0.159 0.163 0.162 0.157 0.148 0.139 0.132 0.128 0.129 0.136 0.150 0.168 0.187 0.203 0.217 0.229 0.236 0.241 0.246 0.258 0.275 0.293 0.305 0.308 0.303 0.293 0.276 0.252 0.222 0.192 0.169 0.158 0.156 0.156 0.151 0.136 0.118 0.105 0.100 0.106 0.116 0.125 0.132 0.138 0.147 0.155 0.157 0.150
0.215 0.221 0.235 0.255 0.277 0.299 0.316 0.329 0.332 0.322 0.301 0.270 0.230 0.188 0.149 0.119 0.100 0.094 0.100 0.117 0.138 0.155 0.162 0.157 0.146 0.134 0.128 0.128 0.134 0.144 0.154 0.159 0.158 0.152 0.144 0.139 0.138 0.142 0.149 0.158 0.171 0.184 0.194 0.204 0.211 0.217 0.224 0.234 0.251 0.273 0.294 0.306 0.308 0.301 0.288 0.268 0.244 0.214 0.186 0.164 0.151 0.146 0.142 0.135 0.125 0.115 0.107 0.106 0.110 0.118 0.126 0.131 0.137 0.145 0.154 0.159 0.158
0.292 0.299 0.313 0.331 0.350 0.368 0.382 0.390 0.389 0.376 0.352 0.319 0.276 0.231 0.187 0.149 0.121 0.105 0.100 0.105 0.115 0.123 0.128 0.127 0.121 0.114 0.108 0.107 0.112 0.121 0.132 0.140 0.142 0.139 0.136 0.136 0.140 0.146 0.153 0.163 0.173 0.184 0.195 0.204 0.210 0.214 0.218 0.225 0.237 0.252 0.266 0.274 0.274 0.266 0.254 0.238 0.220 0.201 0.183 0.168 0.158 0.150 0.142 0.132 0.122 0.115 0.111 0.111 0.114 0.120 0.126 0.132 0.139 0.147 0.156 0.163 0.168
0.365 0.370 0.381 0.395 0.409 0.423 0.432 0.436 0.432 0.420 0.396 0.364 0.322 0.276 0.230 0.187 0.152 0.126 0.111 0.103 0.102 0.103 0.105 0.105 0.102 0.098 0.094 0.091 0.093 0.099 0.109 0.116 0.119 0.120 0.121 0.125 0.132 0.139 0.147 0.157 0.167 0.180 0.193 0.205 0.213 0.218 0.220 0.222 0.223 0.226 0.229 0.231 0.228 0.223 0.215 0.206 0.198 0.191 0.184 0.178 0.170 0.159 0.145 0.130 0.119 0.112 0.111 0.112 0.115 0.121 0.129 0.137 0.145 0.153 0.161 0.168 0.177
0.421 0.425 0.432 0.442 0.452 0.460 0.465 0.466 0.461 0.450 0.429 0.400 0.363 0.320 0.275 0.232 0.194 0.162 0.137 0.121 0.110 0.105 0.102 0.102 0.101 0.099 0.095 0.091 0.090 0.093 0.100 0.106 0.110 0.113 0.115 0.117 0.121 0.126 0.132 0.140 0.151 0.163 0.177 0.190 0.202 0.211 0.215 0.214 0.210 0.204 0.200 0.196 0.194 0.191 0.189 0.187 0.186 0.186 0.185 0.181 0.171 0.156 0.138 0.120 0.108 0.103 0.103 0.107 0.113 0.122 0.133 0.145 0.154 0.161 0.166 0.173 0.185
0.461 0.463 0.467 0.473 0.477 0.480 0.482 0.481 0.477 0.468 0.450 0.426 0.394 0.358 0.318 0.279 0.241 0.206 0.177 0.154 0.137 0.126 0.121 0.120 0.120 0.118 0.115 0.112 0.111 0.114 0.119 0.125 0.130 0.131 0.129 0.125 0.122 0.119 0.121 0.125 0.131 0.139 0.150 0.162 0.175 0.186 0.194 0.196 0.193 0.185 0.178 0.173 0.172 0.174 0.176 0.178 0.179 0.177 0.174 0.167 0.155 0.139 0.120 0.105 0.096 0.094 0.096 0.103 0.112 0.123 0.137 0.152 0.163 0.170 0.175 0.183 0.195
0.486 0.487 0.488 0.489 0.490 0.491 0.490 0.488 0.484 0.477 0.462 0.442 0.415 0.385 0.352 0.317 0.281 0.247 0.215 0.188 0.167 0.154 0.149 0.147 0.148 0.148 0.148 0.150 0.155 0.162 0.170 0.177 0.181 0.178 0.169 0.156 0.141 0.129 0.123 0.120 0.121 0.123 0.127 0.134 0.144 0.155 0.165 0.170 0.169 0.164 0.157 0.153 0.153 0.158 0.164 0.167 0.166 0.162 0.155 0.146 0.133 0.119 0.106 0.097 0.095 0.097 0.101 0.107 0.115 0.126 0.141 0.157 0.170 0.179 0.188 0.198 0.210
0.498 0.498 0.498 0.498 0.498 0.497 0.495 0.493 0.489 0.483 0.470 0.452 0.428 0.402 0.372 0.341 0.307 0.273 0.240 0.211 0.189 0.175 0.170 0.171 0.174 0.179 0.186 0.197 0.211 0.228 0.242 0.250 0.251 0.243 0.225 0.201 0.177 0.158 0.145 0.136 0.130 0.125 0.123 0.124 0.128 0.136 0.143 0.149 0.148 0.143 0.135 0.130 0.130 0.136 0.143 0.148 0.147 0.144 0.137 0.129 0.121 0.113 0.109 0.110 0.115 0.119 0.121 0.123 0.126 0.134 0.146 0.160 0.174 0.187 0.200 0.214 0.229
0.503 0.503 0.502 0.502 0.501 0.500 0.500 0.498 0.495 0.489 0.478 0.461 0.439 0.413 0.383 0.352 0.316 0.281 0.246 0.215 0.193 0.180 0.177 0.181 0.191 0.204 0.221 0.244 0.271 0.298 0.318 0.326 0.322 0.306 0.280 0.249 0.220 0.196 0.179 0.166 0.156 0.147 0.139 0.135 0.133 0.135 0.138 0.140 0.137 0.129 0.117 0.109 0.105 0.109 0.117 0.124 0.128 0.129 0.128 0.127 0.125 0.126 0.131 0.141 0.151 0.156 0.153 0.148 0.145 0.147 0.155 0.167 0.180 0.193 0.209 0.228 0.246
0.505 0.504 0.504 0.503 0.503 0.503 0.503 0.503 0.501 0.497 0.487 0.471 0.449 0.423 0.391 0.355 0.316 0.276 0.238 0.206 0.183 0.171 0.171 0.181 0.199 0.222 0.252 0.287 0.326 0.360 0.382 0.389 0.378 0.355 0.323 0.289 0.259 0.236 0.216 0.201 0.186 0.174 0.165 0.157 0.152 0.150 0.150 0.148 0.140 0.127 0.110 0.096 0.088 0.089 0.096 0.105 0.114 0.123 0.130 0.136 0.142 0.152 0.164 0.179 0.191 0.194 0.187 0.177 0.171 0.171 0.179 0.189 0.200 0.211 0.227 0.246 0.268
0.504 0.504 0.504 0.503 0.503 0.504 0.505 0.506 0.505 0.502 0.495 0.480 0.460 0.433 0.399 0.358 0.314 0.269 0.227 0.193 0.169 0.158 0.161 0.176 0.202 0.235 0.276 0.321 0.365 0.402 0.423 0.426 0.411 0.383 0.349 0.317 0.291 0.268 0.248 0.227 0.209 0.194 0.185 0.179 0.174 0.172 0.169 0.164 0.153 0.135 0.114 0.095 0.084 0.083 0.088 0.100 0.112 0.126 0.139 0.152 0.165 0.180 0.196 0.213 0.225 0.227 0.220 0.212 0.210 0.218 0.230 0.240 0.250 0.257 0.270 0.289 0.311
0.503 0.503 0.502 0.502 0.502 0.503 0.504 0.505 0.506 0.504 0.499 0.488 0.470 0.444 0.409 0.366 0.317 0.267 0.222 0.184 0.159 0.149 0.152 0.171 0.201 0.241 0.288 0.337 0.383 0.418 0.437 0.437 0.419 0.391 0.360 0.333 0.311 0.291 0.267 0.242 0.220 0.204 0.197 0.194 0.193 0.192 0.191 0.185 0.172 0.151 0.128 0.106 0.093 0.089 0.094 0.106 0.120 0.137 0.154 0.170 0.188 0.207 0.228 0.246 0.258 0.262 0.261 0.263 0.275 0.295 0.316 0.330 0.339 0.345 0.355 0.371 0.392
0.502 0.502 0.501 0.500 0.500 0.501 0.502 0.503 0.504 0.503 0.500 0.492 0.478 0.455 0.422 0.379 0.329 0.277 0.230 0.190 0.163 0.150 0.151 0.167 0.196 0.235 0.281 0.330 0.374 0.408 0.426 0.426 0.409 0.383 0.358 0.337 0.320 0.301 0.276 0.249 0.226 0.212 0.208 0.211 0.215 0.217 0.216 0.209 0.194 0.171 0.145 0.122 0.107 0.102 0.105 0.117 0.132 0.151 0.170 0.192 0.216 0.241 0.268 0.292 0.310 0.321 0.331 0.348 0.375 0.407 0.435 0.453 0.461 0.467 0.475 0.489 0.507
0.500 0.500 0.500 0.499 0.499 0.499 0.500 0.500 0.501 0.500 0.499 0.494 0.483 0.465 0.437 0.398 0.351 0.301 0.254 0.214 0.184 0.166 0.160 0.167 0.187 0.218 0.259 0.304 0.348 0.384 0.404 0.405 0.390 0.367 0.345 0.330 0.317 0.301 0.279 0.255 0.238 0.230 0.233 0.241 0.249 0.253 0.251 0.240 0.220 0.193 0.163 0.137 0.118 0.110 0.113 0.125 0.143 0.166 0.192 0.223 0.257 0.296 0.334 0.369 0.397 0.419 0.441 0.469 0.505 0.542 0.572 0.589 0.598 0.604 0.612 0.624 0.637
0.499 0.499 0.499 0.499 0.499 0.499 0.499 0.499 0.499 0.498 0.497 0.495 0.488 0.475 0.453 0.422 0.382 0.338 0.294 0.254 0.221 0.196 0.181 0.176 0.181 0.200 0.232 0.273 0.318 0.358 0.383 0.387 0.372 0.349 0.329 0.314 0.305 0.294 0.281 0.268 0.261 0.264 0.275 0.288 0.299 0.301 0.296 0.279 0.252 0.217 0.180 0.148 0.125 0.114 0.116 0.131 0.156 0.188 0.228 0.274 0.326 0.380 0.435 0.484 0.523 0.554 0.582 0.613 0.646 0.679 0.705 0.720 0.727 0.733 0.742 0.752 0.762
0.499 0.499 0.498 0.499 0.499 0.499 0.499 0.498 0.498 0.497 0.497 0.495 0.492 0.484 0.470 0.448 0.417 0.381 0.343 0.304 0.270 0.240 0.216 0.198 0.190 0.195 0.216 0.253 0.299 0.343 0.371 0.377 0.363 0.339 0.317 0.302 0.296 0.293 0.290 0.290 0.296 0.309 0.327 0.345 0.356 0.358 0.347 0.324 0.290 0.248 0.201 0.160 0.131 0.117 0.121 0.143 0.180 0.229 0.286 0.352 0.423 0.494 0.562 0.621 0.666 0.701 0.727 0.752 0.777 0.799 0.817 0.826 0.833 0.838 0.846 0.855 0.863
0.499 0.499 0.499 0.499 0.499 0.499 0.499 0.498 0.498 0.497 0.497 0.497 0.495 0.492 0.484 0.470 0.449 0.422 0.391 0.357 0.325 0.293 0.264 0.238 0.218 0.211 0.222 0.253 0.296 0.340 0.371 0.380 0.368 0.343 0.320 0.306 0.302 0.305 0.311 0.322 0.338 0.358 0.379 0.398 0.409 0.410 0.397 0.372 0.333 0.284 0.230 0.180 0.143 0.127 0.135 0.168 0.221 0.288 0.367 0.452 0.538 0.621 0.694 0.754 0.798 0.828 0.848 0.863 0.877 0.889 0.900 0.906 0.910 0.914 0.920 0.928 0.934
0.499 0.499 0.499 0.499 0.500 0.499 0.499 0.499 0.498 0.498 0.498 0.498 0.498 0.497 0.493 0.486 0.473 0.455 0.432 0.405 0.378 0.349 0.320 0.290 0.264 0.249 0.250 0.273 0.310 0.352 0.383 0.394 0.384 0.364 0.344 0.333 0.330 0.336 0.347 0.362 0.381 0.402 0.423 0.439 0.449 0.450 0.438 0.414 0.376 0.324 0.265 0.208 0.164 0.147 0.161 0.205 0.274 0.361 0.457 0.556 0.652 0.737 0.807 0.861 0.897 0.918 0.930 0.937 0.942 0.949 0.954 0.958 0.960 0.964 0.968 0.974 0.980
0.500 0.500 0.500 0.500 0.500 0.500 0.500 0.500 0.499 0.499 0.499 0.499 0.500 0.500 0.499 0.495 0.488 0.477 0.463 0.445 0.425 0.402 0.376 0.347 0.320 0.299 0.294 0.308 0.337 0.374 0.402 0.416 0.412 0.398 0.383 0.375 0.375 0.381 0.392 0.406 0.422 0.439 0.455 0.467 0.475 0.476 0.467 0.446 0.412 0.361 0.301 0.239 0.191 0.172 0.191 0.245 0.328 0.429 0.538 0.646 0.744 0.827 0.889 0.931 0.956 0.969 0.975 0.977 0.979 0.981 0.985 0.988 0.991 0.993 0.997 1.001 1.006
0.500 0.500 0.500 0.501 0.501 0.501 0.501 0.501 0.501 0.500 0.500 0.500 0.501 0.501 0.501 0.499 0.496 0.491 0.484 0.473 0.460 0.443 0.423 0.400 0.374 0.354 0.345 0.351 0.372 0.400 0.426 0.440 0.441 0.435 0.427 0.423 0.423 0.428 0.435 0.445 0.456 0.467 0.477 0.485 0.490 0.490 0.483 0.466 0.435 0.390 0.329 0.266 0.215 0.195 0.215 0.276 0.368 0.478 0.595 0.709 0.808 0.885 0.939 0.971 0.988 0.994 0.996 0.996 0.996 0.998 1.001 1.004 1.007 1.009 1.012 1.015 1.017
0.501 0.501 0.501 0.501 0.501 0.502 0.502 0.502 0.501 0.501 0.501 0.501 0.501 0.501 0.501 0.501 0.500 0.498 0.495 0.490 0.483 0.472 0.458 0.440 0.421 0.404 0.394 0.395 0.408 0.428 0.448 0.462 0.468 0.467 0.464 0.462 0.463 0.465 0.469 0.474 0.479 0.485 0.490 0.494 0.497 0.496 0.489 0.474 0.445 0.402 0.344 0.279 0.227 0.205 0.225 0.288 0.384 0.500 0.624 0.742 0.843 0.918 0.966 0.992 1.002 1.005 1.005 1.005 1.005 1.006 1.008 1.011 1.013 1.015 1.017 1.018 1.019
0.502 0.502 0.501 0.501 0.501 0.502 0.502 0.502 0.502 0.501 0.501 0.501 0.501 0.501 0.501 0.501 0.501 0.500 0.500 0.498 0.494 0.488 0.479 0.468 0.455 0.443 0.435 0.434 0.441 0.455 0.469 0.481 0.487 0.489 0.489 0.488 0.487 0.488 0.489 0.491 0.493 0.495 0.497 0.499 0.498 0.494 0.485 0.467 0.438 0.394 0.337 0.273 0.220 0.196 0.215 0.277 0.374 0.495 0.625 0.751 0.857 0.935 0.981 1.003 1.010 1.011 1.010 1.009 1.010 1.011 1.012 1.013 1.013 1.013 1.013 1.013 1.013
0.501 0.501 0.501 0.501 0.501 0.501 0.501 0.501 0.501 0.500 0.500 0.500 0.500 0.501 0.500 0.500 0.500 0.500 0.500 0.500 0.498 0.494 0.490 0.484 0.478 0.471 0.465 0.464 0.468 0.476 0.486 0.494 0.500 0.501 0.501 0.500 0.500 0.499 0.499 0.498 0.499 0.499 0.499 0.498 0.494 0.485 0.470 0.446 0.412 0.365 0.306 0.245 0.194 0.170 0.186 0.245 0.343 0.467 0.606 0.741 0.857 0.940 0.988 1.009 1.015 1.014 1.013 1.013 1.014 1.014 1.014 1.012 1.011 1.009 1.007 1.007 1.006
0.499 0.499 0.499 0.499 0.499 0.499 0.500 0.500 0.500 0.499 0.499 0.499 0.499 0.499 0.499 0.498 0.497 0.497 0.497 0.497 0.497 0.495 0.494 0.491 0.489 0.487 0.484 0.483 0.485 0.490 0.496 0.501 0.505 0.506 0.506 0.505 0.504 0.503 0.502 0.501 0.501 0.500 0.498 0.493 0.484 0.468 0.444 0.410 0.367 0.315 0.257 0.200 0.154 0.134 0.149 0.205 0.300 0.428 0.575 0.721 0.847 0.937 0.990 1.012 1.016 1.014 1.012 1.013 1.014 1.015 1.013 1.011 1.008 1.005 1.004 1.003 1.003
0.497 0.497 0.497 0.497 0.498 0.498 0.498 0.499 0.498 0.498 0.497 0.497 0.497 0.497 0.496 0.495 0.494 0.494 0.494 0.495 0.495 0.495 0.495 0.494 0.494 0.493 0.492 0.492 0.494 0.497 0.500 0.504 0.506 0.506 0.505 0.504 0.503 0.502 0.502 0.501 0.500 0.498 0.493 0.483 0.466 0.441 0.406 0.361 0.309 0.254 0.200 0.150 0.114 0.100 0.115 0.168 0.260 0.388 0.541 0.696 0.831 0.929 0.985 1.008 1.011 1.009 1.007 1.008 1.010 1.010 1.010 1.006 1.004 1.003 1.003 1.003 1.003
0.496 0.496 0.497 0.497 0.498 0.498 0.499 0.499 0.499 0.498 0.497 0.496 0.496 0.495 0.494 0.493 0.493 0.493 0.494 0.495 0.496 0.497 0.497 0.496 0.495 0.495 0.494 0.494 0.495 0.497 0.499 0.502 0.503 0.503 0.502 0.502 0.501 0.501 0.501 0.500 0.498 0.493 0.483 0.466 0.439 0.403 0.356 0.302 0.246 0.192 0.146 0.108 0.083 0.077 0.095 0.145 0.233 0.359 0.513 0.673 0.813 0.916 0.976 1.000 1.004 1.000 0.998 0.999 1.001 1.002 1.001 1.000 0.999 1.000 1.002 1.003 1.004
0.502 0.503 0.504 0.504 0.505 0.505 0.506 0.506 0.506 0.505 0.504 0.502 0.502 0.501 0.500 0.499 0.500 0.500 0.502 0.504 0.505 0.505 0.505 0.504 0.501 0.499 0.496 0.495 0.494 0.495 0.497 0.499 0.500 0.500 0.500 0.500 0.500 0.500 0.500 0.498 0.493 0.483 0.466 0.439 0.401 0.353 0.298 0.241 0.187 0.141 0.106 0.082 0.070 0.071 0.092 0.140 0.224 0.347 0.498 0.657 0.798 0.902 0.963 0.989 0.993 0.989 0.986 0.986 0.987 0.988 0.987 0.986 0.987 0.990 0.994 0.997 0.997
0.524 0.525 0.525 0.525 0.526 0.526 0.526 0.526 0.526 0.525 0.524 0.523 0.521 0.521 0.521 0.521 0.522 0.523 0.525 0.527 0.529 0.529 0.527 0.523 0.517 0.510 0.503 0.498 0.496 0.495 0.496 0.497 0.498 0.499 0.499 0.499 0.500 0.500 0.499 0.494 0.484 0.466 0.440 0.402 0.353 0.297 0.239 0.184 0.139 0.106 0.086 0.077 0.076 0.085 0.108 0.155 0.234 0.351 0.495 0.647 0.783 0.884 0.944 0.970 0.974 0.970 0.966 0.965 0.964 0.964 0.963 0.962 0.964 0.967 0.971 0.974 0.974
0.568 0.568 0.568 0.567 0.567 0.566 0.566 0.566 0.566 0.565 0.565 0.564 0.564 0.564 0.564 0.565 0.566 0.568 0.570 0.572 0.573 0.572 0.568 0.559 0.547 0.533 0.519 0.508 0.501 0.498 0.497 0.498 0.499 0.500 0.500 0.500 0.501 0.500 0.496 0.486 0.469 0.442 0.404 0.356 0.300 0.242 0.186 0.139 0.106 0.088 0.084 0.091 0.102 0.119 0.145 0.190 0.263 0.369 0.500 0.638 0.762 0.855 0.910 0.934 0.938 0.934 0.930 0.927 0.924 0.923 0.921 0.921 0.922 0.924 0.927 0.928 0.928
0.637 0.636 0.635 0.634 0.632 0.632 0.631 0.631 0.632 0.632 0.632 0.632 0.632 0.632 0.632 0.633 0.634 0.636 0.638 0.639 0.640 0.637 0.630 0.615 0.594 0.568 0.543 0.522 0.509 0.502 0.500 0.500 0.501 0.501 0.502 0.502 0.502 0.499 0.492 0.477 0.451 0.413 0.365 0.310 0.252 0.196 0.148 0.112 0.091 0.087 0.097 0.118 0.143 0.169 0.199 0.241 0.305 0.395 0.507 0.624 0.728 0.806 0.853 0.873 0.876 0.873 0.869 0.866 0.863 0.861 0.859 0.858 0.858 0.859 0.859 0.859 0.859
0.722 0.721 0.720 0.718 0.717 0.716 0.716 0.716 0.717 0.718 0.718 0.718 0.718 0.718 0.718 0.719 0.720 0.721 0.723 0.724 0.723 0.719 0.707 0.684 0.651 0.611 0.572 0.539 0.517 0.506 0.501 0.501 0.501 0.502 0.502 0.502 0.502 0.498 0.488 0.467 0.434 0.387 0.332 0.274 0.219 0.170 0.132 0.107 0.094 0.099 0.120 0.152 0.189 0.225 0.261 0.300 0.352 0.422 0.508 0.599 0.679 0.739 0.774 0.788 0.791 0.788 0.786 0.784 0.782 0.780 0.778 0.777 0.776 0.776 0.775 0.775 0.774
0.810 0.810 0.809 0.807 0.806 0.806 0.806 0.807 0.808 0.809 0.810 0.810 0.809 0.808 0.808 0.809 0.810 0.812 0.813 0.813 0.812 0.805 0.788 0.757 0.711 0.656 0.601 0.556 0.525 0.508 0.501 0.500 0.500 0.500 0.501 0.501 0.500 0.496 0.484 0.461 0.423 0.371 0.314 0.258 0.210 0.171 0.143 0.124 0.117 0.125 0.150 0.188 0.234 0.278 0.317 0.352 0.392 0.442 0.503 0.566 0.622 0.663 0.686 0.694 0.695 0.694 0.693 0.694 0.694 0.693 0.692 0.690 0.689 0.689 0.688 0.688 0.687
