DCGAN/data/real/SedofBasin_0003.grd
DSAA
 100 100
 0.0 400.0
 0.0 400.0
 0.0 12.06
[rows 0 to 33 of 100, columns 0 to 76 of 100]
1.481 1.481 1.476 1.461 1.430 1.385 1.330 1.272 1.216 1.160 1.104 1.048 0.991 0.936 0.883 0.834 0.786 0.741 0.695 0.650 0.603 0.555 0.506 0.457 0.412 0.377 0.363 0.381 0.443 0.562 0.750 1.032 1.442 2.015 2.758 3.618 4.479 5.193 5.633 5.736 5.509 5.012 4.328 3.547 2.761 2.061 1.515 1.153 0.959 0.894 0.907 0.958 1.017 1.064 1.089 1.086 1.053 1.000 0.953 0.941 0.969 1.008 1.017 0.989 0.959 0.963 1.004 1.045 1.049 1.003 0.926 0.830 0.717 0.578 0.419 0.265 0.142
1.548 1.551 1.553 1.547 1.527 1.494 1.451 1.403 1.353 1.304 1.252 1.197 1.142 1.087 1.034 0.983 0.932 0.882 0.834 0.785 0.736 0.687 0.637 0.588 0.543 0.510 0.497 0.516 0.577 0.693 0.875 1.148 1.545 2.101 2.821 3.657 4.495 5.189 5.616 5.715 5.493 5.010 4.344 3.584 2.817 2.131 1.590 1.223 1.017 0.932 0.928 0.963 1.011 1.052 1.077 1.078 1.053 1.009 0.966 0.947 0.960 0.981 0.979 0.953 0.930 0.942 0.987 1.033 1.043 1.005 0.935 0.844 0.733 0.592 0.430 0.271 0.146
1.682 1.691 1.708 1.723 1.731 1.726 1.710 1.686 1.657 1.622 1.582 1.536 1.485 1.431 1.376 1.319 1.262 1.206 1.149 1.095 1.041 0.988 0.937 0.888 0.846 0.816 0.807 0.829 0.890 0.999 1.169 1.420 1.785 2.299 2.968 3.747 4.526 5.172 5.569 5.658 5.448 4.995 4.373 3.662 2.941 2.287 1.758 1.381 1.146 1.023 0.979 0.979 1.002 1.030 1.050 1.058 1.048 1.021 0.987 0.960 0.947 0.939 0.919 0.893 0.881 0.906 0.960 1.011 1.030 1.005 0.946 0.862 0.752 0.608 0.440 0.277 0.148
1.842 1.862 1.900 1.947 1.993 2.031 2.058 2.075 2.080 2.074 2.056 2.024 1.984 1.934 1.878 1.816 1.750 1.683 1.617 1.553 1.493 1.437 1.385 1.338 1.303 1.281 1.280 1.306 1.366 1.467 1.618 1.837 2.156 2.604 3.190 3.875 4.562 5.131 5.477 5.549 5.356 4.948 4.393 3.758 3.108 2.506 2.000 1.611 1.337 1.162 1.064 1.020 1.010 1.015 1.025 1.033 1.035 1.025 1.005 0.978 0.948 0.915 0.879 0.849 0.845 0.877 0.934 0.987 1.011 0.996 0.946 0.867 0.754 0.606 0.436 0.272 0.144
1.992 2.022 2.086 2.171 2.264 2.354 2.437 2.507 2.561 2.594 2.607 2.600 2.575 2.533 2.478 2.411 2.337 2.258 2.182 2.110 2.043 1.985 1.934 1.893 1.866 1.856 1.866 1.900 1.960 2.051 2.178 2.358 2.617 2.981 3.460 4.019 4.583 5.048 5.328 5.379 5.207 4.856 4.382 3.842 3.282 2.750 2.276 1.882 1.572 1.345 1.193 1.104 1.058 1.037 1.028 1.026 1.027 1.026 1.018 0.999 0.969 0.926 0.879 0.844 0.837 0.865 0.916 0.964 0.987 0.976 0.932 0.855 0.743 0.594 0.423 0.262 0.138
2.103 2.145 2.233 2.354 2.493 2.638 2.781 2.910 3.018 3.099 3.149 3.170 3.164 3.135 3.083 3.015 2.934 2.847 2.761 2.682 2.612 2.552 2.505 2.472 2.457 2.461 2.484 2.526 2.586 2.664 2.765 2.902 3.095 3.367 3.724 4.142 4.564 4.912 5.117 5.143 4.996 4.708 4.324 3.885 3.425 2.970 2.542 2.158 1.829 1.566 1.376 1.250 1.174 1.126 1.093 1.070 1.053 1.043 1.035 1.023 1.001 0.963 0.914 0.872 0.854 0.869 0.906 0.943 0.962 0.954 0.915 0.845 0.738 0.593 0.427 0.269 0.146
2.162 2.211 2.317 2.466 2.642 2.834 3.029 3.213 3.372 3.498 3.585 3.635 3.651 3.635 3.592 3.526 3.444 3.352 3.262 3.179 3.108 3.051 3.010 2.987 2.983 3.001 3.035 3.084 3.142 3.205 3.279 3.370 3.499 3.678 3.915 4.195 4.479 4.712 4.844 4.849 4.728 4.506 4.212 3.873 3.509 3.135 2.765 2.411 2.091 1.822 1.617 1.475 1.379 1.309 1.251 1.196 1.146 1.103 1.072 1.051 1.033 1.004 0.961 0.914 0.883 0.881 0.901 0.929 0.946 0.942 0.913 0.855 0.760 0.627 0.468 0.310 0.181
2.161 2.212 2.325 2.485 2.683 2.905 3.136 3.360 3.559 3.721 3.839 3.915 3.951 3.951 3.919 3.861 3.783 3.694 3.606 3.527 3.459 3.408 3.374 3.360 3.366 3.394 3.437 3.487 3.538 3.585 3.628 3.677 3.744 3.842 3.977 4.139 4.305 4.440 4.513 4.504 4.416 4.258 4.050 3.804 3.530 3.236 2.931 2.628 2.344 2.101 1.910 1.772 1.672 1.589 1.507 1.417 1.318 1.221 1.143 1.093 1.063 1.037 0.999 0.951 0.910 0.890 0.898 0.921 0.942 0.949 0.935 0.894 0.817 0.702 0.554 0.395 0.252
2.099 2.146 2.251 2.408 2.606 2.838 3.085 3.329 3.551 3.736 3.876 3.971 4.025 4.042 4.025 3.979 3.912 3.833 3.755 3.684 3.625 3.582 3.557 3.551 3.565 3.597 3.641 3.687 3.725 3.751 3.765 3.774 3.789 3.822 3.876 3.951 4.030 4.097 4.131 4.123 4.070 3.977 3.848 3.687 3.493 3.275 3.039 2.800 2.574 2.379 2.226 2.112 2.022 1.937 1.838 1.712 1.559 1.399 1.259 1.159 1.100 1.062 1.022 0.972 0.921 0.890 0.890 0.915 0.947 0.970 0.976 0.956 0.903 0.810 0.678 0.523 0.366
1.980 2.018 2.107 2.244 2.427 2.647 2.890 3.137 3.364 3.557 3.708 3.817 3.884 3.917 3.916 3.886 3.835 3.772 3.709 3.652 3.606 3.574 3.558 3.559 3.578 3.610 3.649 3.683 3.703 3.705 3.689 3.662 3.637 3.621 3.622 3.639 3.666 3.693 3.713 3.717 3.705 3.672 3.614 3.527 3.406 3.256 3.087 2.914 2.755 2.621 2.519 2.442 2.375 2.297 2.188 2.035 1.837 1.619 1.416 1.259 1.155 1.088 1.033 0.973 0.914 0.875 0.872 0.903 0.950 0.996 1.026 1.031 1.006 0.941 0.833 0.688 0.528
1.819 1.846 1.912 2.021 2.173 2.369 2.592 2.823 3.043 3.233 3.385 3.499 3.576 3.620 3.634 3.622 3.589 3.546 3.500 3.459 3.428 3.408 3.402 3.410 3.431 3.462 3.490 3.507 3.504 3.480 3.438 3.383 3.326 3.279 3.249 3.235 3.237 3.250 3.273 3.300 3.329 3.349 3.352 3.327 3.267 3.177 3.067 2.956 2.860 2.786 2.738 2.703 2.664 2.600 2.491 2.324 2.101 1.845 1.596 1.386 1.231 1.121 1.035 0.956 0.888 0.844 0.841 0.881 0.945 1.015 1.072 1.107 1.112 1.079 1.002 0.882 0.733
1.629 1.646 1.688 1.765 1.883 2.043 2.236 2.442 2.641 2.817 2.963 3.075 3.157 3.210 3.236 3.238 3.223 3.197 3.169 3.144 3.127 3.119 3.122 3.137 3.162 3.188 3.204 3.200 3.173 3.124 3.058 2.984 2.910 2.848 2.804 2.781 2.778 2.794 2.829 2.881 2.946 3.009 3.060 3.083 3.071 3.028 2.968 2.908 2.865 2.845 2.843 2.846 2.833 2.785 2.684 2.518 2.290 2.025 1.755 1.510 1.309 1.151 1.026 0.923 0.844 0.799 0.800 0.847 0.928 1.019 1.103 1.169 1.206 1.207 1.165 1.078 0.958
1.425 1.433 1.455 1.501 1.584 1.707 1.861 2.032 2.204 2.360 2.493 2.599 2.679 2.734 2.768 2.782 2.780 2.768 2.754 2.743 2.738 2.740 2.752 2.772 2.797 2.818 2.820 2.795 2.743 2.672 2.591 2.509 2.432 2.370 2.328 2.311 2.316 2.342 2.393 2.466 2.555 2.648 2.731 2.787 2.809 2.803 2.780 2.761 2.760 2.780 2.813 2.843 2.850 2.815 2.724 2.570 2.358 2.105 1.838 1.581 1.352 1.156 0.997 0.873 0.786 0.744 0.750 0.804 0.895 1.003 1.112 1.207 1.276 1.308 1.299 1.247 1.164
1.214 1.216 1.222 1.244 1.293 1.377 1.491 1.624 1.761 1.891 2.006 2.101 2.175 2.229 2.267 2.289 2.297 2.296 2.292 2.292 2.296 2.307 2.322 2.343 2.365 2.377 2.364 2.317 2.243 2.155 2.068 1.989 1.922 1.874 1.849 1.848 1.868 1.909 1.971 2.055 2.156 2.262 2.360 2.437 2.483 2.502 2.509 2.521 2.548 2.595 2.650 2.695 2.713 2.687 2.606 2.469 2.280 2.054 1.809 1.562 1.326 1.115 0.938 0.805 0.719 0.681 0.695 0.754 0.850 0.969 1.097 1.217 1.312 1.371 1.387 1.364 1.314
1.000 0.997 0.993 0.997 1.019 1.067 1.140 1.231 1.331 1.433 1.527 1.607 1.672 1.724 1.764 1.793 1.810 1.818 1.822 1.827 1.838 1.853 1.871 1.887 1.900 1.899 1.870 1.804 1.712 1.614 1.528 1.460 1.413 1.390 1.390 1.412 1.450 1.502 1.570 1.654 1.753 1.858 1.959 2.043 2.105 2.145 2.175 2.208 2.255 2.316 2.381 2.431 2.452 2.430 2.359 2.241 2.079 1.885 1.671 1.448 1.227 1.023 0.851 0.722 0.643 0.616 0.636 0.700 0.799 0.924 1.063 1.201 1.317 1.394 1.426 1.421 1.391
0.789 0.785 0.774 0.766 0.768 0.787 0.824 0.875 0.938 1.009 1.081 1.147 1.202 1.250 1.293 1.328 1.355 1.371 1.381 1.391 1.403 1.420 1.436 1.447 1.447 1.431 1.387 1.310 1.210 1.110 1.030 0.978 0.953 0.956 0.982 1.026 1.079 1.138 1.204 1.281 1.366 1.459 1.551 1.634 1.704 1.760 1.808 1.858 1.917 1.984 2.049 2.099 2.120 2.103 2.044 1.945 1.812 1.652 1.471 1.278 1.083 0.900 0.744 0.630 0.564 0.547 0.577 0.645 0.747 0.876 1.023 1.172 1.300 1.387 1.426 1.427 1.406
0.595 0.590 0.579 0.564 0.553 0.551 0.560 0.578 0.610 0.653 0.703 0.753 0.800 0.844 0.888 0.929 0.964 0.989 1.004 1.014 1.025 1.040 1.053 1.057 1.048 1.020 0.969 0.891 0.797 0.704 0.634 0.596 0.590 0.614 0.660 0.718 0.779 0.838 0.896 0.957 1.025 1.097 1.173 1.248 1.318 1.384 1.445 1.508 1.574 1.643 1.705 1.751 1.773 1.764 1.723 1.650 1.547 1.421 1.273 1.110 0.941 0.779 0.641 0.540 0.485 0.477 0.514 0.589 0.698 0.833 0.988 1.144 1.276 1.364 1.402 1.402 1.380
0.433 0.428 0.418 0.403 0.387 0.373 0.364 0.362 0.371 0.393 0.424 0.460 0.495 0.533 0.574 0.617 0.656 0.687 0.704 0.713 0.720 0.730 0.739 0.739 0.725 0.694 0.645 0.579 0.501 0.426 0.369 0.343 0.349 0.384 0.439 0.503 0.564 0.617 0.664 0.708 0.753 0.802 0.856 0.916 0.980 1.048 1.117 1.188 1.258 1.325 1.385 1.430 1.457 1.462 1.445 1.404 1.338 1.247 1.130 0.992 0.841 0.693 0.563 0.468 0.416 0.410 0.451 0.533 0.653 0.801 0.967 1.130 1.264 1.349 1.382 1.373 1.338
0.311 0.309 0.301 0.290 0.276 0.259 0.242 0.229 0.227 0.236 0.253 0.275 0.299 0.325 0.357 0.395 0.433 0.464 0.482 0.489 0.491 0.494 0.499 0.497 0.483 0.456 0.419 0.372 0.317 0.263 0.222 0.205 0.217 0.256 0.311 0.373 0.429 0.475 0.512 0.542 0.566 0.591 0.619 0.658 0.710 0.772 0.841 0.912 0.983 1.049 1.107 1.156 1.194 1.220 1.233 1.230 1.204 1.150 1.062 0.943 0.803 0.658 0.526 0.424 0.364 0.352 0.391 0.479 0.612 0.778 0.964 1.140 1.281 1.366 1.392 1.368 1.311
0.230 0.230 0.227 0.223 0.213 0.199 0.182 0.167 0.160 0.162 0.171 0.181 0.192 0.205 0.224 0.251 0.282 0.310 0.326 0.330 0.328 0.326 0.326 0.322 0.312 0.294 0.271 0.244 0.212 0.177 0.150 0.143 0.158 0.196 0.247 0.302 0.351 0.393 0.424 0.443 0.453 0.457 0.462 0.479 0.512 0.561 0.621 0.687 0.754 0.818 0.878 0.933 0.986 1.036 1.082 1.119 1.134 1.116 1.055 0.951 0.816 0.668 0.527 0.412 0.338 0.313 0.344 0.432 0.577 0.764 0.972 1.171 1.329 1.422 1.445 1.405 1.316
0.186 0.188 0.190 0.192 0.188 0.177 0.162 0.147 0.139 0.139 0.142 0.144 0.144 0.144 0.150 0.165 0.187 0.208 0.222 0.225 0.220 0.214 0.211 0.207 0.201 0.191 0.181 0.168 0.151 0.132 0.116 0.115 0.133 0.167 0.212 0.259 0.303 0.340 0.368 0.385 0.387 0.378 0.366 0.364 0.378 0.410 0.456 0.511 0.570 0.631 0.692 0.755 0.823 0.896 0.973 1.045 1.096 1.109 1.070 0.980 0.849 0.697 0.549 0.424 0.337 0.299 0.318 0.403 0.551 0.751 0.980 1.202 1.382 1.492 1.521 1.470 1.353
0.172 0.174 0.179 0.182 0.179 0.170 0.156 0.142 0.134 0.132 0.132 0.129 0.123 0.116 0.113 0.119 0.133 0.149 0.160 0.161 0.156 0.149 0.144 0.141 0.136 0.131 0.128 0.123 0.115 0.104 0.096 0.099 0.116 0.146 0.182 0.221 0.258 0.291 0.318 0.335 0.337 0.325 0.306 0.292 0.293 0.310 0.341 0.383 0.433 0.488 0.549 0.617 0.695 0.784 0.882 0.977 1.053 1.088 1.067 0.988 0.862 0.713 0.566 0.441 0.351 0.307 0.318 0.394 0.537 0.736 0.970 1.203 1.399 1.527 1.571 1.522 1.392
0.174 0.176 0.179 0.179 0.174 0.162 0.147 0.132 0.123 0.120 0.119 0.117 0.110 0.102 0.098 0.101 0.109 0.121 0.130 0.131 0.127 0.121 0.115 0.110 0.106 0.102 0.100 0.098 0.093 0.087 0.083 0.087 0.100 0.122 0.148 0.177 0.205 0.233 0.259 0.278 0.285 0.276 0.259 0.243 0.239 0.248 0.270 0.302 0.342 0.391 0.449 0.517 0.598 0.692 0.795 0.898 0.983 1.027 1.016 0.945 0.827 0.689 0.554 0.443 0.365 0.327 0.336 0.403 0.531 0.714 0.931 1.153 1.347 1.484 1.544 1.514 1.396
0.176 0.177 0.177 0.172 0.162 0.146 0.129 0.113 0.103 0.100 0.100 0.100 0.099 0.097 0.097 0.099 0.105 0.113 0.120 0.123 0.120 0.114 0.108 0.101 0.095 0.090 0.088 0.087 0.084 0.080 0.078 0.080 0.087 0.098 0.113 0.130 0.150 0.172 0.196 0.216 0.228 0.226 0.214 0.203 0.202 0.213 0.233 0.261 0.296 0.339 0.392 0.455 0.530 0.616 0.710 0.803 0.880 0.921 0.911 0.846 0.740 0.618 0.504 0.417 0.361 0.339 0.355 0.414 0.523 0.676 0.858 1.045 1.216 1.348 1.422 1.423 1.344
0.167 0.166 0.163 0.155 0.141 0.122 0.104 0.090 0.081 0.079 0.080 0.085 0.091 0.098 0.104 0.109 0.111 0.115 0.118 0.121 0.119 0.114 0.107 0.099 0.092 0.087 0.086 0.085 0.084 0.081 0.079 0.077 0.077 0.079 0.083 0.091 0.103 0.120 0.141 0.161 0.175 0.178 0.172 0.167 0.172 0.190 0.215 0.246 0.280 0.320 0.368 0.423 0.486 0.554 0.628 0.699 0.757 0.784 0.769 0.709 0.616 0.513 0.423 0.361 0.329 0.326 0.350 0.406 0.496 0.614 0.750 0.890 1.023 1.137 1.221 1.258 1.234
0.146 0.143 0.138 0.128 0.114 0.097 0.080 0.068 0.062 0.062 0.067 0.076 0.089 0.102 0.113 0.118 0.117 0.115 0.114 0.113 0.112 0.107 0.100 0.094 0.089 0.085 0.083 0.083 0.083 0.082 0.079 0.075 0.069 0.064 0.062 0.064 0.072 0.085 0.103 0.122 0.135 0.139 0.135 0.135 0.144 0.168 0.200 0.237 0.274 0.314 0.356 0.402 0.449 0.498 0.547 0.593 0.626 0.636 0.613 0.558 0.480 0.397 0.329 0.286 0.272 0.281 0.312 0.363 0.434 0.520 0.613 0.706 0.799 0.892 0.980 1.050 1.083
0.120 0.116 0.109 0.099 0.086 0.073 0.061 0.053 0.049 0.052 0.059 0.073 0.089 0.105 0.115 0.118 0.114 0.108 0.101 0.098 0.095 0.092 0.089 0.087 0.084 0.081 0.079 0.078 0.077 0.076 0.073 0.068 0.061 0.053 0.048 0.048 0.055 0.067 0.083 0.099 0.109 0.111 0.107 0.106 0.117 0.142 0.177 0.217 0.258 0.297 0.336 0.372 0.405 0.437 0.465 0.489 0.502 0.496 0.469 0.420 0.360 0.297 0.247 0.216 0.209 0.221 0.249 0.291 0.345 0.404 0.463 0.520 0.582 0.657 0.747 0.840 0.917
0.095 0.091 0.083 0.073 0.063 0.054 0.047 0.044 0.044 0.049 0.058 0.073 0.089 0.102 0.109 0.108 0.102 0.093 0.085 0.080 0.078 0.078 0.081 0.084 0.084 0.081 0.075 0.070 0.067 0.066 0.064 0.060 0.053 0.046 0.041 0.041 0.047 0.059 0.074 0.088 0.095 0.094 0.087 0.083 0.090 0.113 0.147 0.186 0.227 0.265 0.298 0.325 0.347 0.367 0.383 0.393 0.392 0.377 0.350 0.313 0.272 0.230 0.195 0.170 0.161 0.166 0.185 0.215 0.253 0.291 0.326 0.361 0.404 0.467 0.554 0.658 0.758
0.076 0.072 0.064 0.054 0.047 0.043 0.042 0.043 0.046 0.053 0.063 0.077 0.088 0.095 0.096 0.093 0.086 0.079 0.071 0.068 0.068 0.074 0.083 0.091 0.093 0.087 0.076 0.066 0.059 0.057 0.057 0.055 0.051 0.046 0.041 0.041 0.046 0.057 0.072 0.085 0.090 0.084 0.074 0.067 0.070 0.088 0.118 0.154 0.190 0.223 0.249 0.268 0.283 0.296 0.307 0.310 0.303 0.286 0.265 0.244 0.222 0.200 0.176 0.154 0.139 0.135 0.142 0.161 0.185 0.208 0.229 0.252 0.284 0.337 0.418 0.517 0.619
0.060 0.057 0.051 0.045 0.041 0.041 0.044 0.049 0.057 0.065 0.076 0.086 0.091 0.091 0.086 0.080 0.074 0.069 0.066 0.066 0.071 0.082 0.094 0.105 0.107 0.098 0.082 0.067 0.057 0.055 0.056 0.057 0.055 0.051 0.046 0.044 0.048 0.059 0.074 0.087 0.089 0.080 0.066 0.056 0.058 0.073 0.099 0.130 0.160 0.186 0.205 0.218 0.228 0.239 0.246 0.247 0.240 0.226 0.214 0.207 0.202 0.193 0.178 0.158 0.140 0.130 0.131 0.140 0.154 0.167 0.178 0.192 0.217 0.260 0.327 0.411 0.496
0.048 0.047 0.045 0.043 0.044 0.048 0.056 0.066 0.076 0.086 0.094 0.099 0.098 0.091 0.081 0.074 0.070 0.069 0.071 0.076 0.084 0.096 0.109 0.118 0.118 0.105 0.087 0.070 0.060 0.057 0.059 0.061 0.061 0.058 0.053 0.049 0.052 0.063 0.079 0.091 0.092 0.080 0.064 0.054 0.056 0.070 0.093 0.120 0.143 0.162 0.174 0.184 0.193 0.202 0.207 0.208 0.202 0.194 0.191 0.192 0.197 0.196 0.186 0.169 0.152 0.141 0.140 0.145 0.150 0.154 0.159 0.167 0.184 0.215 0.264 0.324 0.384
0.042 0.042 0.044 0.047 0.053 0.062 0.075 0.089 0.101 0.109 0.112 0.110 0.103 0.092 0.080 0.073 0.072 0.076 0.084 0.093 0.102 0.110 0.118 0.122 0.116 0.102 0.084 0.069 0.061 0.060 0.062 0.064 0.064 0.061 0.055 0.051 0.054 0.065 0.081 0.093 0.092 0.081 0.065 0.057 0.061 0.076 0.099 0.121 0.138 0.151 0.161 0.170 0.180 0.187 0.190 0.188 0.184 0.181 0.184 0.191 0.198 0.199 0.191 0.178 0.164 0.157 0.155 0.155 0.154 0.151 0.150 0.152 0.162 0.182 0.212 0.247 0.281
0.045 0.047 0.052 0.059 0.069 0.083 0.100 0.115 0.126 0.128 0.124 0.116 0.104 0.091 0.080 0.076 0.078 0.088 0.102 0.114 0.122 0.124 0.122 0.117 0.105 0.091 0.075 0.064 0.060 0.060 0.062 0.064 0.062 0.058 0.053 0.049 0.052 0.063 0.078 0.088 0.089 0.079 0.068 0.065 0.072 0.090 0.111 0.129 0.141 0.151 0.162 0.174 0.184 0.190 0.188 0.183 0.179 0.180 0.187 0.196 0.202 0.201 0.192 0.180 0.171 0.166 0.164 0.160 0.152 0.144 0.139 0.138 0.143 0.153 0.166 0.181 0.193
0.067 0.070 0.075 0.082 0.093 0.108 0.124 0.138 0.143 0.140 0.130 0.116 0.103 0.091 0.083 0.082 0.089 0.103 0.120 0.135 0.141 0.137 0.126 0.110 0.094 0.079 0.067 0.059 0.058 0.060 0.062 0.061 0.058 0.053 0.048 0.044 0.048 0.057 0.070 0.080 0.081 0.077 0.072 0.075 0.087 0.105 0.125 0.139 0.148 0.158 0.171 0.187 0.199 0.201 0.194 0.184 0.179 0.183 0.193 0.203 0.206 0.201 0.190 0.178 0.169 0.165 0.161 0.155 0.143 0.133 0.127 0.127 0.129 0.131 0.131 0.131 0.130
