DCGAN/data/real/SedofBasin_0004.grd
DSAA
 100 100
 0.0 400.0
 0.0 400.0
 0.0 16.76
[rows 64 to 95 of 100, columns 0 to 71 of 100]
9.752 9.762 9.783 9.812 9.846 9.882 9.921 9.962 10.005 10.051 10.102 10.160 10.227 10.309 10.410 10.532 10.681 10.855 11.055 11.275 11.511 11.756 12.007 12.261 12.514 12.766 13.015 13.255 13.483 13.695 13.887 14.060 14.217 14.359 14.488 14.606 14.716 14.820 14.921 15.020 15.115 15.204 15.287 15.362 15.429 15.486 15.533 15.570 15.598 15.619 15.635 15.646 15.653 15.658 15.661 15.663 15.666 15.667 15.669 15.671 15.674 15.677 15.682 15.687 15.692 15.695 15.696 15.695 15.693 15.690 15.686 15.681
9.815 9.825 9.844 9.872 9.904 9.939 9.976 10.016 10.057 10.101 10.149 10.203 10.266 10.343 10.436 10.550 10.689 10.854 11.043 11.253 11.479 11.716 11.962 12.212 12.464 12.714 12.960 13.197 13.420 13.627 13.815 13.985 14.139 14.278 14.403 14.516 14.621 14.720 14.816 14.911 15.005 15.095 15.181 15.263 15.338 15.406 15.463 15.512 15.551 15.582 15.607 15.625 15.638 15.647 15.653 15.658 15.662 15.665 15.668 15.670 15.674 15.678 15.683 15.687 15.690 15.690 15.688 15.684 15.677 15.669 15.660 15.650
9.865 9.875 9.895 9.922 9.954 9.989 10.024 10.061 10.100 10.141 10.185 10.234 10.290 10.357 10.440 10.540 10.664 10.812 10.985 11.179 11.391 11.618 11.856 12.103 12.355 12.606 12.853 13.090 13.313 13.519 13.707 13.877 14.029 14.166 14.289 14.398 14.499 14.594 14.687 14.780 14.873 14.963 15.053 15.140 15.223 15.301 15.371 15.432 15.485 15.529 15.564 15.592 15.613 15.629 15.640 15.648 15.655 15.660 15.665 15.669 15.673 15.678 15.682 15.687 15.689 15.687 15.682 15.674 15.663 15.650 15.635 15.619
9.923 9.933 9.955 9.983 10.015 10.049 10.084 10.119 10.155 10.192 10.230 10.271 10.318 10.374 10.441 10.524 10.627 10.752 10.901 11.072 11.265 11.474 11.699 11.936 12.182 12.432 12.679 12.918 13.143 13.352 13.542 13.713 13.866 14.003 14.124 14.232 14.332 14.427 14.520 14.613 14.707 14.800 14.894 14.987 15.079 15.166 15.248 15.323 15.390 15.448 15.497 15.538 15.570 15.595 15.613 15.628 15.640 15.649 15.656 15.662 15.667 15.672 15.677 15.680 15.682 15.680 15.673 15.662 15.647 15.629 15.608 15.585
10.012 10.023 10.046 10.076 10.110 10.144 10.177 10.209 10.241 10.271 10.301 10.332 10.367 10.408 10.458 10.520 10.599 10.697 10.817 10.959 11.123 11.307 11.509 11.728 11.960 12.201 12.444 12.683 12.910 13.122 13.314 13.487 13.641 13.779 13.902 14.012 14.114 14.212 14.309 14.406 14.504 14.603 14.702 14.802 14.902 15.000 15.093 15.181 15.261 15.334 15.397 15.452 15.498 15.535 15.565 15.589 15.608 15.622 15.634 15.642 15.649 15.654 15.658 15.662 15.662 15.659 15.652 15.640 15.623 15.601 15.576 15.548
10.145 10.158 10.184 10.217 10.252 10.286 10.317 10.345 10.369 10.389 10.408 10.426 10.445 10.468 10.497 10.537 10.590 10.659 10.748 10.857 10.988 11.139 11.311 11.503 11.713 11.937 12.168 12.401 12.625 12.835 13.028 13.202 13.359 13.499 13.625 13.742 13.850 13.955 14.059 14.163 14.268 14.375 14.483 14.593 14.701 14.808 14.911 15.009 15.101 15.185 15.262 15.331 15.390 15.441 15.483 15.519 15.548 15.571 15.587 15.599 15.607 15.614 15.618 15.621 15.622 15.619 15.613 15.601 15.584 15.562 15.535 15.504
10.320 10.335 10.365 10.403 10.442 10.475 10.503 10.525 10.540 10.549 10.553 10.552 10.550 10.551 10.557 10.572 10.599 10.641 10.698 10.775 10.870 10.986 11.124 11.284 11.464 11.663 11.875 12.092 12.306 12.510 12.699 12.872 13.029 13.173 13.306 13.431 13.549 13.665 13.779 13.894 14.011 14.129 14.248 14.368 14.487 14.603 14.715 14.821 14.920 15.013 15.099 15.178 15.249 15.313 15.367 15.414 15.453 15.484 15.507 15.524 15.535 15.543 15.548 15.552 15.553 15.553 15.549 15.539 15.525 15.504 15.478 15.447
10.506 10.525 10.564 10.610 10.655 10.690 10.716 10.732 10.738 10.732 10.718 10.696 10.670 10.645 10.626 10.616 10.619 10.634 10.665 10.712 10.776 10.858 10.961 11.086 11.234 11.403 11.588 11.782 11.978 12.168 12.347 12.515 12.671 12.819 12.960 13.096 13.227 13.356 13.485 13.614 13.745 13.877 14.010 14.143 14.274 14.400 14.519 14.631 14.735 14.833 14.924 15.009 15.088 15.159 15.223 15.278 15.325 15.363 15.393 15.414 15.429 15.440 15.447 15.453 15.456 15.458 15.457 15.452 15.440 15.424 15.401 15.371
10.658 10.682 10.732 10.791 10.846 10.888 10.915 10.926 10.922 10.904 10.873 10.830 10.779 10.730 10.686 10.654 10.635 10.630 10.640 10.663 10.701 10.755 10.827 10.921 11.036 11.173 11.329 11.496 11.668 11.838 12.003 12.163 12.317 12.468 12.618 12.765 12.908 13.052 13.195 13.341 13.488 13.637 13.785 13.932 14.076 14.211 14.339 14.456 14.563 14.663 14.756 14.843 14.924 14.998 15.065 15.125 15.175 15.218 15.252 15.278 15.297 15.311 15.322 15.330 15.336 15.340 15.343 15.341 15.334 15.321 15.302 15.274
10.724 10.755 10.818 10.893 10.961 11.012 11.042 11.052 11.043 11.017 10.972 10.913 10.845 10.777 10.715 10.668 10.634 10.616 10.611 10.619 10.639 10.672 10.721 10.789 10.877 10.986 11.113 11.254 11.403 11.554 11.705 11.855 12.007 12.161 12.317 12.473 12.629 12.785 12.942 13.102 13.265 13.428 13.591 13.751 13.906 14.051 14.185 14.307 14.417 14.517 14.610 14.695 14.775 14.848 14.914 14.973 15.025 15.068 15.104 15.133 15.155 15.172 15.186 15.196 15.205 15.212 15.216 15.217 15.214 15.204 15.188 15.164
10.669 10.707 10.783 10.872 10.954 11.014 11.050 11.062 11.053 11.023 10.975 10.910 10.837 10.763 10.695 10.640 10.602 10.578 10.567 10.568 10.579 10.600 10.634 10.685 10.755 10.843 10.950 11.070 11.202 11.339 11.481 11.627 11.778 11.935 12.097 12.262 12.427 12.592 12.759 12.929 13.102 13.275 13.447 13.616 13.777 13.928 14.065 14.190 14.302 14.402 14.493 14.576 14.652 14.722 14.784 14.840 14.890 14.932 14.968 14.997 15.021 15.040 15.054 15.066 15.077 15.086 15.092 15.095 15.093 15.087 15.073 15.054
10.485 10.528 10.612 10.713 10.804 10.873 10.914 10.931 10.928 10.903 10.860 10.803 10.737 10.670 10.609 10.560 10.525 10.504 10.495 10.496 10.505 10.524 10.553 10.598 10.658 10.737 10.833 10.944 11.068 11.201 11.342 11.491 11.648 11.811 11.981 12.153 12.325 12.497 12.669 12.843 13.019 13.195 13.369 13.538 13.700 13.850 13.986 14.110 14.220 14.320 14.408 14.489 14.561 14.626 14.685 14.737 14.784 14.824 14.858 14.886 14.909 14.928 14.943 14.955 14.967 14.976 14.984 14.988 14.988 14.983 14.974 14.958
10.192 10.236 10.325 10.430 10.526 10.600 10.648 10.673 10.678 10.665 10.636 10.596 10.548 10.498 10.453 10.418 10.394 10.383 10.381 10.388 10.404 10.428 10.463 10.510 10.573 10.653 10.749 10.862 10.989 11.129 11.279 11.439 11.607 11.781 11.960 12.141 12.321 12.498 12.673 12.848 13.020 13.191 13.359 13.522 13.675 13.818 13.949 14.068 14.175 14.270 14.356 14.433 14.501 14.563 14.618 14.667 14.710 14.748 14.780 14.807 14.828 14.846 14.860 14.873 14.884 14.894 14.903 14.908 14.910 14.908 14.901 14.891
9.829 9.873 9.959 10.063 10.160 10.236 10.289 10.323 10.339 10.341 10.331 10.311 10.286 10.259 10.236 10.219 10.211 10.212 10.223 10.241 10.268 10.304 10.351 10.410 10.484 10.574 10.681 10.805 10.944 11.099 11.266 11.443 11.626 11.815 12.006 12.198 12.387 12.570 12.748 12.920 13.087 13.250 13.407 13.557 13.698 13.829 13.949 14.059 14.159 14.250 14.332 14.405 14.469 14.527 14.580 14.627 14.668 14.704 14.735 14.760 14.780 14.796 14.810 14.822 14.834 14.845 14.854 14.861 14.864 14.865 14.863 14.858
9.442 9.483 9.565 9.663 9.757 9.834 9.890 9.931 9.958 9.974 9.982 9.984 9.982 9.979 9.977 9.980 9.989 10.005 10.028 10.061 10.101 10.152 10.215 10.291 10.382 10.488 10.611 10.752 10.910 11.084 11.270 11.466 11.666 11.870 12.076 12.281 12.481 12.672 12.854 13.026 13.188 13.342 13.488 13.624 13.750 13.866 13.974 14.075 14.167 14.252 14.329 14.398 14.460 14.515 14.566 14.611 14.651 14.686 14.716 14.741 14.760 14.776 14.790 14.803 14.816 14.827 14.838 14.847 14.853 14.858 14.860 14.860
9.081 9.117 9.190 9.280 9.366 9.440 9.499 9.543 9.579 9.606 9.630 9.651 9.670 9.687 9.706 9.727 9.752 9.783 9.822 9.867 9.922 9.989 10.069 10.161 10.269 10.392 10.532 10.691 10.867 11.058 11.262 11.474 11.691 11.910 12.131 12.350 12.563 12.765 12.954 13.129 13.289 13.436 13.571 13.695 13.807 13.911 14.008 14.099 14.184 14.263 14.337 14.404 14.464 14.518 14.568 14.613 14.653 14.688 14.718 14.743 14.763 14.780 14.795 14.809 14.823 14.837 14.850 14.862 14.872 14.880 14.887 14.892
8.795 8.824 8.885 8.960 9.035 9.101 9.156 9.201 9.240 9.276 9.311 9.345 9.381 9.416 9.452 9.490 9.531 9.576 9.628 9.687 9.756 9.836 9.929 10.034 10.155 10.292 10.446 10.618 10.807 11.011 11.227 11.450 11.678 11.911 12.147 12.381 12.607 12.822 13.019 13.198 13.358 13.501 13.629 13.744 13.847 13.941 14.030 14.114 14.196 14.273 14.345 14.411 14.472 14.526 14.577 14.623 14.664 14.700 14.731 14.757 14.778 14.798 14.815 14.832 14.849 14.866 14.882 14.898 14.912 14.924 14.936 14.946
8.621 8.642 8.685 8.739 8.796 8.848 8.894 8.934 8.970 9.008 9.048 9.091 9.138 9.187 9.238 9.290 9.345 9.405 9.469 9.541 9.621 9.711 9.813 9.928 10.056 10.201 10.363 10.542 10.737 10.946 11.166 11.394 11.629 11.872 12.119 12.366 12.605 12.830 13.035 13.220 13.381 13.522 13.646 13.756 13.854 13.944 14.029 14.111 14.191 14.269 14.342 14.410 14.473 14.531 14.583 14.632 14.675 14.713 14.747 14.774 14.799 14.821 14.842 14.863 14.883 14.905 14.925 14.945 14.964 14.982 14.998 15.012
8.565 8.576 8.598 8.628 8.660 8.692 8.723 8.751 8.781 8.814 8.854 8.900 8.953 9.011 9.073 9.138 9.206 9.277 9.354 9.435 9.526 9.624 9.732 9.852 9.984 10.133 10.297 10.476 10.671 10.878 11.096 11.322 11.558 11.805 12.060 12.314 12.561 12.793 13.005 13.192 13.355 13.497 13.621 13.730 13.827 13.916 14.001 14.084 14.167 14.247 14.324 14.396 14.463 14.524 14.581 14.633 14.679 14.721 14.756 14.787 14.815 14.841 14.867 14.893 14.918 14.944 14.970 14.996 15.020 15.043 15.063 15.080
8.591 8.591 8.592 8.596 8.603 8.613 8.626 8.641 8.660 8.686 8.721 8.766 8.821 8.884 8.953 9.027 9.106 9.188 9.274 9.366 9.464 9.569 9.683 9.806 9.942 10.090 10.252 10.429 10.618 10.819 11.030 11.250 11.482 11.727 11.982 12.238 12.487 12.720 12.933 13.121 13.285 13.429 13.554 13.666 13.767 13.860 13.948 14.035 14.121 14.206 14.288 14.365 14.438 14.504 14.566 14.622 14.672 14.717 14.756 14.792 14.825 14.857 14.888 14.918 14.948 14.979 15.010 15.040 15.070 15.097 15.121 15.142
8.622 8.614 8.600 8.583 8.570 8.563 8.561 8.565 8.576 8.596 8.626 8.668 8.720 8.784 8.857 8.938 9.025 9.116 9.212 9.311 9.416 9.528 9.647 9.775 9.912 10.061 10.220 10.391 10.573 10.766 10.968 11.179 11.403 11.641 11.888 12.139 12.382 12.611 12.820 13.007 13.172 13.319 13.449 13.567 13.675 13.774 13.870 13.962 14.054 14.144 14.232 14.316 14.395 14.468 14.535 14.596 14.652 14.701 14.746 14.787 14.827 14.864 14.901 14.937 14.972 15.006 15.041 15.075 15.108 15.139 15.166 15.188
8.578 8.567 8.545 8.520 8.498 8.484 8.477 8.477 8.486 8.503 8.530 8.569 8.620 8.683 8.758 8.843 8.936 9.033 9.135 9.242 9.355 9.473 9.597 9.729 9.867 10.015 10.170 10.336 10.510 10.694 10.886 11.088 11.302 11.528 11.763 12.001 12.234 12.455 12.658 12.842 13.007 13.158 13.295 13.422 13.540 13.650 13.755 13.856 13.956 14.055 14.152 14.245 14.332 14.413 14.488 14.557 14.619 14.676 14.728 14.777 14.823 14.867 14.909 14.948 14.986 15.024 15.061 15.098 15.133 15.165 15.193 15.216
8.402 8.393 8.376 8.357 8.342 8.334 8.332 8.338 8.351 8.371 8.399 8.438 8.489 8.551 8.627 8.713 8.808 8.909 9.016 9.128 9.245 9.368 9.498 9.632 9.772 9.918 10.070 10.229 10.397 10.573 10.757 10.950 11.153 11.366 11.587 11.810 12.028 12.238 12.434 12.614 12.781 12.936 13.081 13.219 13.349 13.472 13.591 13.706 13.819 13.931 14.039 14.144 14.244 14.337 14.423 14.502 14.575 14.642 14.704 14.762 14.815 14.866 14.912 14.954 14.994 15.033 15.070 15.108 15.142 15.174 15.200 15.222
8.090 8.088 8.084 8.082 8.085 8.094 8.109 8.128 8.151 8.179 8.212 8.254 8.305 8.367 8.441 8.526 8.621 8.723 8.831 8.945 9.065 9.191 9.321 9.457 9.597 9.742 9.891 10.047 10.209 10.380 10.559 10.746 10.941 11.143 11.350 11.559 11.764 11.962 12.151 12.328 12.496 12.655 12.808 12.957 13.100 13.239 13.373 13.505 13.635 13.764 13.891 14.012 14.127 14.234 14.335 14.428 14.516 14.597 14.671 14.740 14.802 14.859 14.908 14.953 14.993 15.031 15.067 15.102 15.135 15.164 15.187 15.205
7.681 7.686 7.700 7.720 7.747 7.779 7.814 7.850 7.887 7.925 7.966 8.010 8.063 8.124 8.196 8.277 8.369 8.469 8.575 8.689 8.809 8.934 9.065 9.201 9.342 9.487 9.636 9.791 9.953 10.122 10.299 10.484 10.675 10.870 11.068 11.265 11.460 11.648 11.831 12.006 12.174 12.337 12.497 12.655 12.810 12.962 13.113 13.263 13.413 13.562 13.708 13.849 13.982 14.107 14.224 14.335 14.440 14.538 14.628 14.708 14.779 14.841 14.894 14.939 14.979 15.016 15.050 15.081 15.109 15.134 15.153 15.167
7.236 7.249 7.278 7.319 7.367 7.421 7.474 7.527 7.576 7.625 7.673 7.723 7.776 7.837 7.905 7.983 8.070 8.166 8.270 8.381 8.498 8.623 8.754 8.890 9.033 9.181 9.334 9.492 9.657 9.830 10.009 10.195 10.387 10.580 10.772 10.963 11.150 11.333 11.511 11.683 11.852 12.019 12.183 12.346 12.510 12.673 12.837 13.003 13.170 13.338 13.503 13.662 13.813 13.956 14.091 14.220 14.344 14.459 14.566 14.659 14.739 14.806 14.862 14.909 14.949 14.983 15.013 15.040 15.062 15.081 15.095 15.105
6.819 6.837 6.876 6.929 6.992 7.059 7.125 7.189 7.250 7.308 7.363 7.417 7.474 7.534 7.601 7.675 7.759 7.852 7.953 8.062 8.178 8.303 8.434 8.574 8.720 8.873 9.032 9.198 9.369 9.546 9.730 9.920 10.113 10.307 10.498 10.686 10.870 11.048 11.223 11.395 11.563 11.730 11.897 12.063 12.231 12.401 12.574 12.749 12.928 13.109 13.287 13.461 13.628 13.786 13.937 14.084 14.226 14.359 14.480 14.585 14.673 14.746 14.806 14.854 14.894 14.927 14.953 14.974 14.991 15.005 15.014 15.020
6.473 6.492 6.534 6.593 6.660 6.731 6.804 6.875 6.943 7.007 7.069 7.129 7.189 7.251 7.319 7.393 7.476 7.569 7.670 7.780 7.897 8.022 8.157 8.299 8.451 8.609 8.776 8.948 9.126 9.309 9.497 9.689 9.883 10.077 10.267 10.452 10.633 10.809 10.981 11.150 11.317 11.482 11.648 11.815 11.985 12.158 12.336 12.516 12.701 12.886 13.071 13.254 13.430 13.600 13.765 13.926 14.084 14.231 14.364 14.479 14.576 14.654 14.717 14.768 14.808 14.840 14.865 14.882 14.894 14.903 14.909 14.911
6.215 6.234 6.276 6.332 6.399 6.469 6.542 6.615 6.687 6.756 6.823 6.889 6.956 7.022 7.093 7.170 7.257 7.352 7.457 7.569 7.688 7.816 7.953 8.100 8.254 8.417 8.587 8.764 8.945 9.129 9.315 9.506 9.698 9.887 10.072 10.253 10.427 10.599 10.767 10.932 11.094 11.256 11.420 11.587 11.757 11.932 12.112 12.294 12.478 12.665 12.853 13.039 13.222 13.400 13.575 13.747 13.915 14.073 14.214 14.337 14.440 14.524 14.592 14.646 14.688 14.720 14.742 14.758 14.767 14.772 14.776 14.777
6.036 6.054 6.094 6.149 6.211 6.280 6.351 6.425 6.499 6.572 6.644 6.718 6.790 6.864 6.942 7.025 7.116 7.217 7.325 7.440 7.562 7.692 7.831 7.978 8.132 8.294 8.463 8.636 8.814 8.992 9.172 9.353 9.534 9.712 9.887 10.056 10.222 10.384 10.544 10.702 10.859 11.017 11.178 11.343 11.514 11.690 11.872 12.057 12.242 12.430 12.620 12.809 12.995 13.179 13.360 13.540 13.714 13.878 14.025 14.154 14.263 14.353 14.425 14.482 14.526 14.559 14.582 14.596 14.603 14.608 14.609 14.609
5.901 5.920 5.962 6.017 6.080 6.149 6.221 6.297 6.373 6.450 6.529 6.607 6.688 6.770 6.856 6.948 7.046 7.152 7.264 7.382 7.505 7.635 7.773 7.916 8.065 8.219 8.379 8.544 8.708 8.873 9.036 9.199 9.361 9.521 9.678 9.830 9.980 10.129 10.277 10.425 10.574 10.728 10.886 11.050 11.221 11.401 11.587 11.777 11.968 12.161 12.355 12.548 12.737 12.923 13.109 13.293 13.473 13.640 13.792 13.925 14.040 14.136 14.214 14.274 14.320 14.354 14.377 14.391 14.398 14.401 14.402 14.400
5.769 5.790 5.835 5.896 5.966 6.040 6.118 6.199 6.280 6.363 6.448 6.535 6.624 6.715 6.810 6.910 7.015 7.127 7.243 7.362 7.485 7.612 7.745 7.882 8.021 8.164 8.310 8.457 8.602 8.745 8.885 9.023 9.161 9.297 9.431 9.561 9.690 9.819 9.950 10.085 10.224 10.371 10.525 10.688 10.862 11.047 11.240 11.438 11.639 11.842 12.043 12.241 12.433 12.622 12.810 12.998 13.181 13.354 13.511 13.650 13.772 13.874 13.957 14.020 14.068 14.103 14.126 14.140 14.147 14.149 14.149 14.146
