DCGAN/data/real/SedofBasin_0003.grd
DSAA
 100 100
 0.0 400.0
 0.0 400.0
 0.0 12.06
[rows 34 to 67 of 100, columns 0 to 76 of 100]
0.117 0.118 0.121 0.124 0.128 0.136 0.146 0.154 0.155 0.148 0.135 0.121 0.109 0.101 0.099 0.101 0.109 0.122 0.139 0.152 0.157 0.148 0.130 0.109 0.089 0.074 0.064 0.060 0.060 0.062 0.062 0.059 0.055 0.049 0.044 0.042 0.045 0.053 0.063 0.071 0.074 0.075 0.077 0.085 0.101 0.120 0.137 0.149 0.156 0.167 0.184 0.203 0.215 0.214 0.202 0.188 0.181 0.184 0.196 0.205 0.205 0.195 0.181 0.168 0.160 0.156 0.152 0.144 0.134 0.126 0.123 0.123 0.123 0.120 0.111 0.101 0.093
0.200 0.198 0.193 0.185 0.175 0.168 0.167 0.168 0.167 0.162 0.153 0.143 0.135 0.133 0.135 0.139 0.144 0.150 0.158 0.165 0.165 0.154 0.134 0.112 0.092 0.078 0.069 0.065 0.064 0.064 0.062 0.058 0.054 0.048 0.044 0.042 0.045 0.051 0.059 0.065 0.070 0.075 0.082 0.096 0.115 0.134 0.149 0.158 0.166 0.178 0.196 0.216 0.228 0.224 0.209 0.191 0.181 0.183 0.191 0.197 0.193 0.180 0.164 0.151 0.144 0.141 0.138 0.133 0.128 0.126 0.126 0.127 0.126 0.117 0.104 0.089 0.079
0.305 0.300 0.285 0.260 0.230 0.205 0.191 0.190 0.194 0.197 0.196 0.191 0.187 0.190 0.196 0.200 0.196 0.188 0.181 0.176 0.169 0.157 0.139 0.120 0.103 0.090 0.082 0.076 0.071 0.067 0.063 0.058 0.054 0.050 0.046 0.046 0.048 0.054 0.060 0.065 0.070 0.078 0.090 0.108 0.128 0.148 0.162 0.171 0.179 0.191 0.210 0.227 0.237 0.231 0.213 0.193 0.180 0.178 0.181 0.181 0.173 0.159 0.144 0.134 0.129 0.127 0.127 0.126 0.127 0.130 0.134 0.135 0.130 0.119 0.102 0.086 0.076
0.407 0.398 0.374 0.334 0.288 0.249 0.230 0.232 0.245 0.259 0.264 0.262 0.260 0.264 0.272 0.272 0.258 0.234 0.209 0.190 0.177 0.163 0.149 0.135 0.121 0.110 0.101 0.092 0.083 0.074 0.066 0.060 0.056 0.052 0.051 0.051 0.054 0.059 0.064 0.069 0.075 0.085 0.100 0.121 0.144 0.164 0.178 0.187 0.196 0.208 0.224 0.239 0.243 0.234 0.213 0.190 0.175 0.169 0.168 0.165 0.155 0.143 0.132 0.126 0.124 0.123 0.122 0.124 0.128 0.134 0.139 0.137 0.130 0.117 0.101 0.086 0.078
0.475 0.465 0.440 0.397 0.347 0.308 0.293 0.301 0.321 0.340 0.345 0.339 0.335 0.338 0.344 0.341 0.318 0.280 0.242 0.213 0.193 0.179 0.167 0.155 0.146 0.136 0.126 0.114 0.100 0.085 0.072 0.063 0.058 0.056 0.056 0.059 0.064 0.070 0.076 0.082 0.089 0.099 0.114 0.134 0.157 0.178 0.193 0.204 0.214 0.224 0.236 0.245 0.243 0.230 0.207 0.183 0.165 0.159 0.156 0.154 0.148 0.142 0.138 0.135 0.133 0.130 0.127 0.125 0.128 0.133 0.135 0.133 0.125 0.112 0.098 0.087 0.082
0.501 0.495 0.478 0.448 0.412 0.386 0.379 0.391 0.409 0.419 0.416 0.403 0.392 0.392 0.396 0.390 0.364 0.321 0.278 0.243 0.218 0.202 0.190 0.181 0.173 0.166 0.155 0.141 0.122 0.102 0.082 0.069 0.061 0.060 0.063 0.070 0.078 0.086 0.095 0.103 0.110 0.117 0.129 0.145 0.166 0.185 0.202 0.214 0.223 0.231 0.237 0.239 0.232 0.214 0.190 0.166 0.151 0.146 0.147 0.150 0.151 0.153 0.155 0.155 0.151 0.144 0.135 0.128 0.126 0.127 0.127 0.124 0.118 0.108 0.099 0.091 0.089
0.504 0.505 0.502 0.493 0.481 0.473 0.473 0.480 0.484 0.478 0.461 0.439 0.422 0.418 0.420 0.414 0.389 0.352 0.310 0.274 0.247 0.227 0.214 0.205 0.198 0.191 0.182 0.166 0.145 0.119 0.095 0.076 0.067 0.066 0.072 0.082 0.094 0.105 0.116 0.125 0.131 0.135 0.141 0.150 0.165 0.182 0.198 0.210 0.217 0.220 0.219 0.215 0.204 0.186 0.163 0.143 0.132 0.131 0.137 0.146 0.156 0.164 0.169 0.169 0.162 0.151 0.138 0.127 0.120 0.117 0.116 0.114 0.111 0.106 0.101 0.097 0.096
0.513 0.518 0.526 0.533 0.537 0.540 0.540 0.535 0.522 0.501 0.473 0.445 0.426 0.420 0.420 0.417 0.401 0.372 0.336 0.301 0.272 0.249 0.234 0.224 0.216 0.209 0.200 0.184 0.162 0.135 0.108 0.086 0.074 0.073 0.081 0.094 0.106 0.119 0.130 0.138 0.143 0.144 0.145 0.148 0.156 0.169 0.181 0.190 0.193 0.192 0.186 0.178 0.166 0.150 0.132 0.117 0.110 0.113 0.124 0.137 0.149 0.159 0.164 0.163 0.155 0.143 0.130 0.118 0.109 0.104 0.102 0.102 0.103 0.102 0.100 0.098 0.099
0.530 0.534 0.542 0.550 0.557 0.558 0.553 0.538 0.516 0.486 0.456 0.430 0.414 0.409 0.411 0.411 0.403 0.382 0.353 0.319 0.289 0.265 0.248 0.236 0.227 0.219 0.209 0.193 0.172 0.147 0.119 0.096 0.083 0.081 0.088 0.101 0.112 0.123 0.132 0.138 0.142 0.142 0.141 0.141 0.145 0.152 0.159 0.163 0.161 0.155 0.147 0.138 0.127 0.116 0.103 0.092 0.089 0.093 0.103 0.116 0.128 0.137 0.140 0.138 0.130 0.120 0.110 0.100 0.093 0.087 0.085 0.085 0.088 0.089 0.090 0.090 0.091
0.530 0.531 0.530 0.530 0.529 0.524 0.514 0.499 0.476 0.451 0.427 0.409 0.399 0.398 0.402 0.406 0.403 0.388 0.362 0.330 0.299 0.274 0.255 0.243 0.233 0.223 0.212 0.197 0.178 0.155 0.130 0.108 0.093 0.090 0.095 0.104 0.113 0.120 0.126 0.130 0.134 0.137 0.137 0.138 0.139 0.142 0.143 0.139 0.132 0.122 0.113 0.105 0.098 0.090 0.081 0.073 0.071 0.073 0.081 0.091 0.100 0.107 0.109 0.106 0.100 0.093 0.085 0.078 0.072 0.067 0.064 0.064 0.067 0.069 0.071 0.072 0.073
0.500 0.497 0.490 0.480 0.473 0.465 0.457 0.446 0.433 0.419 0.406 0.395 0.391 0.392 0.399 0.405 0.405 0.393 0.369 0.337 0.305 0.279 0.260 0.247 0.237 0.226 0.214 0.200 0.183 0.163 0.141 0.121 0.108 0.102 0.104 0.109 0.116 0.121 0.126 0.131 0.138 0.144 0.149 0.150 0.150 0.148 0.141 0.131 0.117 0.104 0.094 0.086 0.080 0.074 0.067 0.061 0.058 0.059 0.064 0.072 0.079 0.084 0.085 0.082 0.077 0.070 0.064 0.057 0.052 0.047 0.045 0.045 0.048 0.051 0.052 0.054 0.055
0.455 0.450 0.441 0.431 0.423 0.418 0.415 0.414 0.413 0.410 0.404 0.397 0.394 0.395 0.401 0.408 0.408 0.398 0.374 0.342 0.310 0.283 0.263 0.250 0.240 0.230 0.219 0.206 0.191 0.174 0.156 0.139 0.127 0.120 0.120 0.123 0.128 0.135 0.142 0.152 0.163 0.175 0.183 0.186 0.183 0.175 0.162 0.143 0.123 0.105 0.092 0.083 0.076 0.070 0.064 0.058 0.056 0.057 0.062 0.068 0.075 0.079 0.079 0.074 0.067 0.058 0.050 0.042 0.036 0.033 0.033 0.035 0.038 0.041 0.043 0.044 0.044
0.423 0.419 0.413 0.407 0.403 0.403 0.407 0.414 0.421 0.424 0.421 0.413 0.403 0.400 0.403 0.410 0.412 0.401 0.378 0.346 0.313 0.286 0.266 0.253 0.244 0.235 0.226 0.215 0.203 0.190 0.176 0.163 0.152 0.145 0.143 0.146 0.152 0.162 0.175 0.192 0.210 0.227 0.238 0.241 0.235 0.222 0.201 0.175 0.148 0.125 0.109 0.097 0.087 0.079 0.072 0.068 0.068 0.072 0.078 0.086 0.092 0.094 0.089 0.080 0.068 0.055 0.044 0.034 0.027 0.026 0.028 0.033 0.038 0.041 0.043 0.043 0.043
0.419 0.418 0.416 0.415 0.415 0.419 0.425 0.436 0.445 0.450 0.444 0.428 0.411 0.400 0.399 0.404 0.406 0.398 0.376 0.346 0.314 0.288 0.268 0.255 0.247 0.241 0.234 0.226 0.218 0.209 0.199 0.189 0.180 0.174 0.172 0.175 0.183 0.198 0.217 0.241 0.266 0.287 0.300 0.302 0.294 0.277 0.250 0.219 0.188 0.161 0.141 0.126 0.113 0.103 0.096 0.095 0.098 0.105 0.114 0.120 0.123 0.119 0.109 0.093 0.075 0.058 0.043 0.031 0.025 0.024 0.029 0.036 0.042 0.046 0.048 0.048 0.048
0.438 0.438 0.438 0.440 0.442 0.445 0.452 0.460 0.468 0.468 0.455 0.432 0.406 0.388 0.383 0.387 0.390 0.382 0.364 0.337 0.309 0.284 0.266 0.255 0.248 0.244 0.240 0.236 0.231 0.226 0.219 0.213 0.207 0.201 0.199 0.203 0.213 0.231 0.257 0.287 0.318 0.343 0.357 0.358 0.349 0.329 0.301 0.268 0.236 0.208 0.186 0.169 0.155 0.145 0.140 0.141 0.147 0.156 0.163 0.165 0.160 0.148 0.129 0.107 0.085 0.064 0.047 0.034 0.027 0.028 0.033 0.040 0.046 0.050 0.051 0.052 0.052
0.459 0.459 0.460 0.461 0.463 0.465 0.468 0.473 0.475 0.468 0.449 0.418 0.385 0.363 0.356 0.357 0.360 0.355 0.341 0.319 0.295 0.275 0.259 0.250 0.245 0.243 0.241 0.240 0.238 0.236 0.234 0.230 0.226 0.221 0.219 0.223 0.235 0.257 0.286 0.322 0.356 0.383 0.399 0.402 0.393 0.374 0.348 0.318 0.287 0.261 0.240 0.223 0.211 0.203 0.200 0.203 0.210 0.216 0.218 0.212 0.197 0.177 0.151 0.125 0.101 0.078 0.060 0.046 0.039 0.037 0.041 0.047 0.051 0.053 0.054 0.055 0.056
0.464 0.464 0.465 0.465 0.464 0.463 0.462 0.463 0.460 0.447 0.421 0.386 0.352 0.328 0.318 0.318 0.320 0.317 0.307 0.291 0.273 0.257 0.245 0.239 0.237 0.237 0.237 0.238 0.239 0.240 0.240 0.239 0.235 0.231 0.230 0.234 0.248 0.271 0.304 0.342 0.379 0.409 0.426 0.431 0.425 0.409 0.389 0.364 0.339 0.317 0.299 0.285 0.276 0.270 0.270 0.273 0.278 0.280 0.275 0.261 0.238 0.210 0.181 0.153 0.128 0.106 0.086 0.071 0.062 0.059 0.060 0.062 0.063 0.062 0.061 0.061 0.063
0.443 0.443 0.443 0.442 0.439 0.436 0.432 0.429 0.421 0.404 0.376 0.341 0.308 0.284 0.274 0.272 0.272 0.270 0.263 0.254 0.242 0.232 0.225 0.222 0.222 0.224 0.228 0.231 0.235 0.238 0.240 0.240 0.237 0.234 0.232 0.238 0.252 0.277 0.311 0.351 0.390 0.422 0.442 0.450 0.448 0.438 0.423 0.406 0.388 0.371 0.357 0.347 0.341 0.339 0.340 0.342 0.345 0.344 0.334 0.314 0.287 0.255 0.224 0.195 0.170 0.146 0.125 0.108 0.098 0.094 0.093 0.092 0.089 0.084 0.080 0.079 0.083
0.395 0.395 0.394 0.392 0.389 0.383 0.377 0.371 0.361 0.343 0.316 0.286 0.256 0.237 0.226 0.223 0.222 0.221 0.217 0.212 0.207 0.202 0.200 0.201 0.204 0.209 0.216 0.223 0.230 0.236 0.239 0.239 0.237 0.235 0.235 0.241 0.256 0.281 0.317 0.358 0.398 0.431 0.454 0.466 0.468 0.463 0.455 0.445 0.434 0.422 0.413 0.407 0.403 0.403 0.404 0.406 0.408 0.405 0.394 0.373 0.343 0.309 0.276 0.245 0.218 0.192 0.170 0.152 0.141 0.137 0.136 0.133 0.127 0.119 0.113 0.113 0.120
0.327 0.327 0.326 0.323 0.319 0.312 0.305 0.297 0.286 0.270 0.248 0.224 0.203 0.188 0.180 0.177 0.175 0.174 0.172 0.172 0.172 0.174 0.177 0.181 0.188 0.197 0.207 0.219 0.230 0.239 0.245 0.247 0.247 0.247 0.248 0.256 0.272 0.299 0.336 0.377 0.418 0.452 0.477 0.491 0.497 0.497 0.494 0.489 0.484 0.477 0.472 0.468 0.465 0.465 0.466 0.467 0.468 0.466 0.455 0.434 0.403 0.365 0.327 0.291 0.259 0.231 0.207 0.190 0.181 0.179 0.179 0.176 0.169 0.161 0.156 0.158 0.168
0.247 0.247 0.246 0.243 0.239 0.233 0.225 0.217 0.208 0.196 0.181 0.167 0.153 0.145 0.140 0.138 0.136 0.136 0.138 0.142 0.149 0.157 0.165 0.174 0.183 0.196 0.211 0.228 0.245 0.259 0.269 0.276 0.280 0.284 0.291 0.302 0.320 0.348 0.386 0.428 0.469 0.504 0.529 0.545 0.552 0.555 0.556 0.554 0.552 0.549 0.546 0.544 0.541 0.540 0.538 0.537 0.535 0.530 0.518 0.494 0.458 0.412 0.365 0.320 0.282 0.250 0.225 0.209 0.203 0.204 0.205 0.204 0.200 0.195 0.193 0.198 0.211
0.170 0.170 0.169 0.167 0.163 0.159 0.152 0.146 0.140 0.133 0.126 0.120 0.114 0.111 0.110 0.110 0.111 0.113 0.119 0.130 0.144 0.160 0.174 0.188 0.201 0.217 0.237 0.259 0.283 0.304 0.321 0.335 0.347 0.361 0.375 0.393 0.416 0.447 0.486 0.530 0.571 0.606 0.631 0.646 0.654 0.657 0.659 0.660 0.660 0.658 0.657 0.655 0.651 0.646 0.638 0.630 0.619 0.605 0.582 0.547 0.498 0.440 0.381 0.327 0.282 0.246 0.221 0.206 0.202 0.203 0.206 0.208 0.207 0.207 0.209 0.218 0.232
0.107 0.107 0.106 0.106 0.104 0.100 0.097 0.094 0.091 0.090 0.090 0.090 0.090 0.091 0.093 0.096 0.099 0.107 0.119 0.137 0.159 0.184 0.208 0.227 0.245 0.265 0.289 0.317 0.347 0.376 0.402 0.427 0.454 0.481 0.510 0.539 0.569 0.605 0.647 0.692 0.733 0.766 0.790 0.804 0.811 0.815 0.818 0.819 0.820 0.820 0.818 0.815 0.808 0.796 0.778 0.755 0.727 0.692 0.646 0.588 0.519 0.445 0.374 0.314 0.265 0.229 0.203 0.188 0.183 0.183 0.186 0.189 0.192 0.197 0.204 0.217 0.237
0.068 0.068 0.069 0.069 0.069 0.067 0.066 0.065 0.066 0.069 0.073 0.077 0.082 0.086 0.091 0.095 0.103 0.115 0.135 0.161 0.195 0.230 0.263 0.291 0.314 0.336 0.363 0.394 0.429 0.465 0.501 0.540 0.585 0.635 0.683 0.729 0.773 0.816 0.862 0.907 0.947 0.978 0.999 1.011 1.018 1.022 1.025 1.029 1.030 1.030 1.029 1.023 1.010 0.988 0.955 0.911 0.855 0.786 0.704 0.612 0.517 0.428 0.352 0.291 0.244 0.210 0.186 0.171 0.163 0.161 0.162 0.165 0.171 0.181 0.195 0.217 0.249
0.061 0.062 0.063 0.064 0.064 0.064 0.064 0.064 0.067 0.071 0.077 0.082 0.089 0.096 0.103 0.110 0.122 0.139 0.168 0.205 0.248 0.295 0.338 0.374 0.401 0.422 0.446 0.475 0.511 0.551 0.597 0.653 0.722 0.798 0.874 0.942 1.002 1.056 1.105 1.150 1.186 1.212 1.229 1.238 1.245 1.251 1.258 1.264 1.268 1.269 1.266 1.257 1.237 1.202 1.149 1.077 0.986 0.875 0.751 0.622 0.501 0.400 0.324 0.268 0.230 0.201 0.181 0.167 0.158 0.153 0.152 0.155 0.164 0.180 0.204 0.241 0.294
0.094 0.095 0.096 0.096 0.095 0.092 0.090 0.089 0.091 0.095 0.100 0.107 0.115 0.124 0.133 0.144 0.160 0.185 0.223 0.271 0.327 0.384 0.435 0.475 0.500 0.515 0.529 0.550 0.581 0.622 0.678 0.752 0.846 0.952 1.056 1.149 1.226 1.289 1.340 1.380 1.409 1.428 1.439 1.447 1.455 1.466 1.478 1.489 1.497 1.500 1.497 1.485 1.457 1.409 1.334 1.232 1.103 0.950 0.784 0.622 0.482 0.374 0.302 0.256 0.227 0.207 0.191 0.180 0.171 0.166 0.163 0.167 0.179 0.202 0.240 0.298 0.378
0.178 0.177 0.176 0.171 0.163 0.154 0.146 0.142 0.141 0.143 0.146 0.152 0.162 0.172 0.184 0.199 0.221 0.257 0.306 0.367 0.434 0.501 0.558 0.596 0.614 0.616 0.616 0.623 0.647 0.688 0.752 0.843 0.958 1.088 1.215 1.327 1.415 1.482 1.530 1.563 1.582 1.593 1.599 1.606 1.618 1.635 1.655 1.672 1.686 1.692 1.690 1.675 1.642 1.582 1.490 1.361 1.200 1.012 0.814 0.628 0.475 0.367 0.300 0.261 0.240 0.225 0.215 0.206 0.198 0.193 0.191 0.197 0.212 0.244 0.296 0.372 0.477
0.319 0.317 0.310 0.295 0.274 0.251 0.233 0.221 0.216 0.214 0.216 0.221 0.230 0.243 0.258 0.279 0.309 0.353 0.415 0.489 0.568 0.643 0.701 0.734 0.740 0.727 0.711 0.707 0.725 0.768 0.839 0.940 1.066 1.206 1.340 1.456 1.546 1.611 1.652 1.677 1.689 1.695 1.699 1.709 1.726 1.750 1.777 1.802 1.820 1.829 1.828 1.813 1.778 1.714 1.612 1.469 1.288 1.079 0.863 0.664 0.506 0.397 0.331 0.296 0.277 0.265 0.256 0.248 0.241 0.236 0.234 0.241 0.259 0.294 0.354 0.442 0.560
0.523 0.517 0.500 0.468 0.427 0.384 0.349 0.325 0.313 0.307 0.307 0.312 0.321 0.335 0.354 0.379 0.415 0.467 0.537 0.620 0.706 0.784 0.841 0.867 0.863 0.838 0.812 0.801 0.816 0.861 0.935 1.036 1.159 1.291 1.415 1.522 1.604 1.662 1.699 1.722 1.735 1.743 1.754 1.769 1.793 1.824 1.856 1.885 1.906 1.918 1.919 1.906 1.874 1.812 1.713 1.570 1.388 1.176 0.957 0.758 0.599 0.489 0.422 0.384 0.361 0.347 0.335 0.326 0.317 0.310 0.307 0.311 0.327 0.361 0.419 0.503 0.616
0.771 0.760 0.731 0.680 0.614 0.546 0.489 0.450 0.427 0.416 0.413 0.417 0.427 0.443 0.463 0.488 0.525 0.577 0.646 0.728 0.813 0.888 0.940 0.959 0.948 0.919 0.889 0.876 0.890 0.933 1.002 1.094 1.201 1.314 1.419 1.510 1.584 1.640 1.682 1.713 1.739 1.761 1.784 1.811 1.842 1.877 1.912 1.942 1.965 1.979 1.982 1.974 1.948 1.896 1.809 1.682 1.516 1.321 1.118 0.930 0.778 0.669 0.599 0.555 0.528 0.508 0.493 0.479 0.466 0.455 0.448 0.447 0.458 0.483 0.529 0.596 0.686
1.017 1.001 0.961 0.893 0.805 0.714 0.637 0.581 0.547 0.529 0.523 0.525 0.534 0.549 0.566 0.587 0.616 0.657 0.713 0.781 0.852 0.915 0.958 0.972 0.959 0.931 0.903 0.890 0.902 0.938 0.997 1.075 1.164 1.257 1.348 1.430 1.503 1.568 1.625 1.677 1.724 1.767 1.808 1.847 1.886 1.924 1.960 1.991 2.015 2.033 2.042 2.042 2.025 1.988 1.920 1.818 1.682 1.520 1.348 1.186 1.050 0.950 0.882 0.838 0.809 0.789 0.773 0.758 0.743 0.729 0.718 0.712 0.715 0.728 0.755 0.797 0.852
1.193 1.174 1.128 1.052 0.953 0.849 0.761 0.694 0.652 0.628 0.618 0.618 0.624 0.634 0.644 0.654 0.667 0.688 0.721 0.765 0.813 0.858 0.888 0.898 0.886 0.863 0.840 0.831 0.840 0.870 0.920 0.987 1.066 1.151 1.239 1.324 1.407 1.488 1.565 1.640 1.711 1.775 1.832 1.882 1.927 1.968 2.006 2.041 2.073 2.099 2.118 2.129 2.126 2.106 2.061 1.988 1.888 1.767 1.636 1.511 1.405 1.325 1.272 1.240 1.223 1.214 1.209 1.203 1.196 1.187 1.177 1.168 1.165 1.167 1.174 1.187 1.202
1.249 1.230 1.185 1.111 1.016 0.916 0.828 0.760 0.716 0.690 0.677 0.673 0.675 0.679 0.680 0.678 0.674 0.674 0.683 0.701 0.726 0.751 0.769 0.774 0.767 0.752 0.739 0.736 0.749 0.779 0.828 0.894 0.975 1.064 1.158 1.252 1.347 1.441 1.534 1.625 1.711 1.789 1.856 1.914 1.965 2.010 2.055 2.099 2.143 2.183 2.219 2.246 2.260 2.259 2.238 2.195 2.132 2.053 1.966 1.884 1.816 1.770 1.747 1.744 1.757 1.779 1.804 1.826 1.842 1.849 1.850 1.846 1.841 1.835 1.825 1.810 1.784
1.183 1.167 1.127 1.064 0.984 0.898 0.821 0.761 0.720 0.696 0.684 0.680 0.680 0.681 0.679 0.671 0.659 0.647 0.641 0.643 0.651 0.662 0.673 0.678 0.676 0.673 0.672 0.680 0.702 0.740 0.797 0.871 0.958 1.054 1.154 1.253 1.351 1.448 1.545 1.639 1.728 1.810 1.882 1.945 2.001 2.056 2.112 2.170 2.230 2.289 2.343 2.389 2.423 2.442 2.444 2.430 2.400 2.360 2.317 2.278 2.253 2.249 2.268 2.310 2.369 2.440 2.515 2.583 2.638 2.676 2.698 2.706 2.706 2.696 2.673 2.634 2.574
