DCGAN/plot/SedofBasin_0644.grd
DSAA
100 100
0 40
0 40
0.184 6.946
[rows 34 to 67 of 100, columns 0 to 77 of 100]
0.691 0.69 0.689 0.687 0.684 0.68 0.675 0.671 0.667 0.664 0.665 0.669 0.679 0.695 0.719 0.751 0.792 0.843 0.903 0.975 1.058 1.153 1.262 1.387 1.527 1.686 1.862 2.058 2.272 2.505 2.754 3.018 3.294 3.581 3.873 4.167 4.458 4.742 5.016 5.275 5.518 5.744 5.951 6.139 6.307 6.454 6.578 6.677 6.746 6.783 6.785 6.751 6.678 6.57 6.426 6.252 6.051 5.827 5.587 5.333 5.07 4.803 4.534 4.266 4.001 3.74 3.486 3.239 3.001 2.771 2.552 2.344 2.149 1.968 1.801 1.647 1.508 1.381
0.724 0.724 0.723 0.722 0.72 0.717 0.713 0.709 0.705 0.703 0.704 0.709 0.72 0.737 0.762 0.795 0.838 0.89 0.952 1.025 1.109 1.206 1.316 1.441 1.582 1.741 1.917 2.113 2.326 2.557 2.803 3.063 3.334 3.613 3.896 4.179 4.458 4.729 4.989 5.234 5.464 5.678 5.874 6.053 6.213 6.353 6.471 6.563 6.628 6.662 6.663 6.629 6.56 6.458 6.323 6.158 5.968 5.757 5.527 5.284 5.031 4.771 4.509 4.245 3.984 3.727 3.476 3.231 2.995 2.767 2.549 2.343 2.148 1.967 1.8 1.646 1.506 1.379
0.751 0.751 0.751 0.75 0.748 0.746 0.743 0.739 0.736 0.735 0.737 0.743 0.754 0.772 0.798 0.833 0.877 0.93 0.994 1.068 1.153 1.25 1.36 1.486 1.627 1.786 1.962 2.156 2.368 2.597 2.84 3.095 3.36 3.631 3.905 4.177 4.443 4.701 4.946 5.178 5.394 5.596 5.781 5.95 6.101 6.232 6.342 6.428 6.487 6.517 6.515 6.482 6.417 6.32 6.194 6.04 5.863 5.664 5.447 5.216 4.973 4.723 4.468 4.211 3.956 3.703 3.455 3.214 2.98 2.755 2.539 2.334 2.141 1.961 1.794 1.641 1.501 1.374
0.77 0.77 0.77 0.769 0.768 0.766 0.764 0.761 0.759 0.759 0.761 0.768 0.781 0.8 0.827 0.863 0.908 0.963 1.027 1.102 1.188 1.285 1.396 1.521 1.662 1.82 1.996 2.189 2.399 2.625 2.864 3.115 3.373 3.637 3.901 4.162 4.415 4.659 4.891 5.109 5.312 5.501 5.675 5.834 5.975 6.097 6.198 6.276 6.328 6.352 6.348 6.315 6.253 6.163 6.046 5.903 5.739 5.553 5.35 5.132 4.901 4.661 4.415 4.166 3.917 3.669 3.426 3.189 2.958 2.736 2.523 2.32 2.129 1.95 1.784 1.632 1.492 1.366
0.78 0.78 0.78 0.78 0.779 0.778 0.776 0.774 0.773 0.774 0.778 0.786 0.799 0.82 0.848 0.886 0.932 0.987 1.052 1.128 1.214 1.312 1.422 1.547 1.688 1.845 2.02 2.211 2.419 2.642 2.878 3.123 3.376 3.631 3.885 4.135 4.376 4.607 4.825 5.03 5.221 5.397 5.56 5.707 5.838 5.95 6.042 6.111 6.155 6.175 6.168 6.135 6.076 5.992 5.884 5.754 5.602 5.43 5.241 5.036 4.818 4.589 4.353 4.112 3.869 3.628 3.39 3.157 2.931 2.712 2.502 2.302 2.112 1.935 1.771 1.62 1.482 1.356
0.783 0.783 0.783 0.783 0.782 0.781 0.78 0.779 0.779 0.781 0.786 0.795 0.81 0.832 0.862 0.9 0.947 1.003 1.069 1.145 1.232 1.329 1.44 1.565 1.705 1.861 2.035 2.225 2.43 2.65 2.882 3.122 3.368 3.615 3.86 4.099 4.329 4.547 4.752 4.944 5.122 5.287 5.438 5.574 5.694 5.795 5.877 5.937 5.974 5.988 5.979 5.946 5.891 5.814 5.716 5.597 5.458 5.3 5.125 4.933 4.728 4.51 4.283 4.051 3.816 3.581 3.349 3.121 2.899 2.684 2.478 2.28 2.093 1.918 1.756 1.606 1.47 1.346
0.78 0.78 0.779 0.779 0.778 0.778 0.777 0.776 0.777 0.78 0.786 0.797 0.813 0.836 0.867 0.907 0.955 1.012 1.079 1.155 1.242 1.34 1.45 1.575 1.714 1.869 2.041 2.229 2.433 2.65 2.877 3.113 3.352 3.592 3.828 4.056 4.274 4.48 4.673 4.852 5.018 5.171 5.31 5.435 5.544 5.635 5.707 5.759 5.789 5.799 5.787 5.756 5.705 5.635 5.546 5.438 5.312 5.168 5.006 4.827 4.634 4.427 4.21 3.986 3.759 3.53 3.304 3.081 2.864 2.654 2.451 2.257 2.073 1.9 1.74 1.593 1.459 1.337
0.771 0.771 0.77 0.77 0.769 0.768 0.768 0.768 0.769 0.773 0.781 0.792 0.81 0.835 0.867 0.907 0.956 1.015 1.082 1.159 1.245 1.343 1.454 1.577 1.716 1.87 2.041 2.227 2.428 2.642 2.866 3.096 3.329 3.562 3.789 4.007 4.214 4.409 4.589 4.757 4.911 5.052 5.18 5.294 5.392 5.473 5.536 5.58 5.605 5.611 5.598 5.569 5.522 5.459 5.38 5.284 5.17 5.038 4.888 4.722 4.539 4.343 4.135 3.92 3.699 3.477 3.257 3.04 2.828 2.622 2.423 2.233 2.053 1.883 1.726 1.581 1.45 1.331
0.759 0.759 0.758 0.757 0.756 0.755 0.755 0.755 0.758 0.762 0.771 0.784 0.802 0.828 0.861 0.903 0.953 1.012 1.079 1.157 1.244 1.341 1.451 1.574 1.712 1.865 2.034 2.218 2.417 2.628 2.848 3.073 3.3 3.525 3.744 3.953 4.15 4.333 4.502 4.658 4.801 4.931 5.048 5.151 5.239 5.312 5.366 5.404 5.424 5.427 5.415 5.388 5.347 5.292 5.222 5.136 5.033 4.913 4.775 4.619 4.447 4.26 4.061 3.853 3.64 3.424 3.209 2.997 2.79 2.589 2.395 2.21 2.033 1.867 1.713 1.572 1.444 1.328
0.746 0.745 0.744 0.742 0.741 0.74 0.74 0.74 0.743 0.749 0.758 0.772 0.792 0.818 0.852 0.895 0.945 1.005 1.073 1.15 1.237 1.335 1.444 1.566 1.703 1.854 2.022 2.204 2.4 2.607 2.823 3.044 3.265 3.483 3.694 3.893 4.08 4.253 4.411 4.556 4.687 4.807 4.914 5.008 5.087 5.151 5.2 5.232 5.249 5.252 5.241 5.218 5.183 5.135 5.073 4.997 4.905 4.795 4.667 4.521 4.358 4.18 3.989 3.788 3.58 3.371 3.161 2.955 2.753 2.557 2.368 2.187 2.015 1.854 1.704 1.566 1.441 1.329
0.733 0.732 0.73 0.728 0.726 0.725 0.724 0.725 0.728 0.734 0.744 0.759 0.779 0.806 0.841 0.884 0.936 0.995 1.064 1.141 1.228 1.325 1.433 1.554 1.689 1.839 2.004 2.184 2.377 2.581 2.793 3.009 3.224 3.435 3.637 3.828 4.005 4.167 4.315 4.45 4.571 4.681 4.779 4.864 4.936 4.994 5.038 5.067 5.083 5.086 5.078 5.059 5.03 4.989 4.936 4.869 4.785 4.685 4.566 4.429 4.274 4.103 3.919 3.724 3.523 3.318 3.114 2.913 2.716 2.526 2.342 2.166 1.999 1.842 1.697 1.564 1.443 1.334
0.721 0.72 0.717 0.715 0.712 0.711 0.71 0.711 0.714 0.721 0.731 0.746 0.767 0.794 0.83 0.873 0.925 0.984 1.053 1.13 1.216 1.312 1.419 1.539 1.672 1.819 1.981 2.158 2.348 2.548 2.756 2.966 3.176 3.379 3.574 3.756 3.924 4.076 4.215 4.339 4.451 4.552 4.642 4.72 4.786 4.84 4.88 4.908 4.924 4.929 4.924 4.911 4.888 4.854 4.809 4.75 4.675 4.582 4.471 4.342 4.194 4.03 3.852 3.663 3.467 3.268 3.069 2.872 2.681 2.495 2.317 2.146 1.985 1.833 1.693 1.565 1.449 1.344
0.711 0.71 0.708 0.705 0.702 0.7 0.699 0.7 0.703 0.709 0.719 0.734 0.756 0.783 0.819 0.862 0.914 0.973 1.041 1.118 1.203 1.298 1.403 1.521 1.651 1.796 1.955 2.128 2.314 2.509 2.712 2.916 3.119 3.316 3.503 3.676 3.835 3.979 4.107 4.223 4.327 4.42 4.503 4.575 4.637 4.687 4.726 4.754 4.771 4.78 4.78 4.771 4.755 4.728 4.69 4.638 4.57 4.485 4.381 4.258 4.117 3.959 3.787 3.604 3.413 3.219 3.025 2.833 2.647 2.466 2.293 2.128 1.972 1.827 1.693 1.57 1.458 1.357
0.706 0.704 0.701 0.698 0.695 0.692 0.691 0.692 0.695 0.701 0.711 0.726 0.747 0.775 0.81 0.853 0.904 0.963 1.03 1.106 1.19 1.283 1.386 1.501 1.629 1.77 1.925 2.094 2.274 2.464 2.661 2.859 3.055 3.244 3.423 3.588 3.738 3.873 3.993 4.101 4.198 4.284 4.361 4.429 4.488 4.536 4.575 4.604 4.625 4.637 4.642 4.639 4.629 4.609 4.577 4.532 4.471 4.392 4.294 4.178 4.043 3.891 3.724 3.546 3.361 3.172 2.983 2.796 2.614 2.439 2.271 2.112 1.962 1.823 1.694 1.577 1.471 1.374
0.704 0.702 0.699 0.696 0.692 0.69 0.688 0.688 0.691 0.697 0.707 0.721 0.742 0.769 0.804 0.846 0.897 0.955 1.021 1.095 1.177 1.268 1.369 1.481 1.606 1.742 1.893 2.056 2.231 2.414 2.604 2.795 2.983 3.164 3.334 3.491 3.632 3.759 3.872 3.973 4.063 4.144 4.217 4.282 4.338 4.387 4.426 4.458 4.482 4.498 4.509 4.512 4.508 4.494 4.468 4.429 4.373 4.3 4.208 4.098 3.969 3.823 3.662 3.49 3.31 3.127 2.942 2.761 2.584 2.414 2.252 2.098 1.955 1.822 1.699 1.587 1.486 1.394
0.706 0.705 0.702 0.698 0.695 0.692 0.69 0.691 0.693 0.698 0.708 0.722 0.742 0.768 0.802 0.844 0.893 0.95 1.014 1.087 1.167 1.256 1.354 1.463 1.582 1.715 1.859 2.016 2.183 2.359 2.541 2.723 2.902 3.075 3.236 3.385 3.518 3.638 3.744 3.839 3.924 4.001 4.07 4.133 4.189 4.238 4.279 4.314 4.341 4.363 4.379 4.388 4.389 4.38 4.36 4.326 4.276 4.208 4.122 4.017 3.894 3.755 3.6 3.435 3.261 3.083 2.904 2.728 2.557 2.392 2.235 2.088 1.951 1.823 1.707 1.601 1.504 1.417
0.713 0.712 0.709 0.706 0.703 0.7 0.698 0.698 0.7 0.705 0.714 0.727 0.746 0.772 0.805 0.845 0.893 0.948 1.011 1.081 1.159 1.246 1.341 1.445 1.561 1.687 1.825 1.975 2.134 2.301 2.473 2.646 2.816 2.978 3.131 3.271 3.397 3.51 3.61 3.7 3.781 3.855 3.922 3.984 4.04 4.09 4.134 4.172 4.204 4.23 4.251 4.265 4.271 4.267 4.252 4.222 4.177 4.115 4.034 3.936 3.819 3.686 3.539 3.38 3.213 3.041 2.869 2.698 2.533 2.374 2.223 2.082 1.95 1.829 1.718 1.617 1.526 1.442
0.725 0.724 0.722 0.719 0.716 0.713 0.712 0.712 0.714 0.718 0.726 0.738 0.756 0.781 0.812 0.851 0.897 0.95 1.011 1.079 1.155 1.238 1.33 1.431 1.541 1.661 1.792 1.933 2.083 2.24 2.402 2.564 2.724 2.876 3.02 3.151 3.27 3.377 3.472 3.558 3.636 3.708 3.775 3.836 3.893 3.945 3.991 4.032 4.068 4.099 4.124 4.143 4.154 4.154 4.143 4.118 4.078 4.02 3.945 3.853 3.743 3.617 3.478 3.326 3.167 3.002 2.837 2.673 2.513 2.361 2.216 2.081 1.955 1.84 1.734 1.638 1.551 1.471
0.741 0.74 0.739 0.736 0.734 0.732 0.731 0.731 0.732 0.736 0.743 0.755 0.772 0.795 0.824 0.861 0.906 0.957 1.016 1.082 1.155 1.235 1.323 1.419 1.523 1.637 1.76 1.892 2.032 2.179 2.329 2.48 2.628 2.771 2.904 3.028 3.14 3.241 3.333 3.416 3.492 3.563 3.629 3.691 3.749 3.803 3.852 3.897 3.937 3.971 4.001 4.023 4.037 4.042 4.034 4.013 3.977 3.925 3.856 3.769 3.667 3.549 3.417 3.274 3.123 2.967 2.809 2.652 2.499 2.353 2.215 2.085 1.966 1.856 1.755 1.664 1.58 1.503
0.762 0.761 0.76 0.758 0.756 0.755 0.754 0.754 0.756 0.759 0.766 0.776 0.792 0.813 0.841 0.876 0.918 0.968 1.024 1.088 1.158 1.235 1.319 1.41 1.508 1.615 1.729 1.852 1.982 2.117 2.256 2.395 2.532 2.664 2.788 2.903 3.009 3.105 3.194 3.274 3.35 3.42 3.487 3.55 3.61 3.666 3.718 3.766 3.809 3.847 3.88 3.905 3.923 3.93 3.926 3.909 3.877 3.829 3.766 3.686 3.591 3.482 3.359 3.225 3.083 2.935 2.785 2.637 2.491 2.352 2.22 2.097 1.983 1.878 1.782 1.694 1.614 1.54
0.785 0.785 0.784 0.784 0.783 0.782 0.782 0.782 0.783 0.787 0.792 0.802 0.816 0.836 0.862 0.895 0.935 0.982 1.037 1.097 1.165 1.238 1.318 1.403 1.496 1.595 1.701 1.814 1.933 2.057 2.183 2.311 2.436 2.557 2.672 2.78 2.88 2.972 3.057 3.137 3.211 3.283 3.35 3.415 3.477 3.535 3.589 3.64 3.686 3.727 3.762 3.791 3.811 3.821 3.819 3.806 3.778 3.735 3.678 3.606 3.518 3.417 3.304 3.179 3.047 2.909 2.768 2.627 2.49 2.358 2.232 2.115 2.006 1.906 1.815 1.73 1.653 1.581
0.812 0.812 0.812 0.812 0.812 0.812 0.812 0.813 0.814 0.817 0.821 0.83 0.843 0.861 0.886 0.917 0.955 1 1.052 1.11 1.175 1.244 1.319 1.4 1.485 1.577 1.674 1.777 1.886 1.998 2.113 2.229 2.343 2.454 2.56 2.66 2.754 2.843 2.926 3.004 3.079 3.151 3.22 3.286 3.35 3.41 3.467 3.519 3.568 3.611 3.648 3.679 3.701 3.713 3.715 3.705 3.681 3.644 3.593 3.528 3.449 3.357 3.253 3.138 3.016 2.887 2.756 2.625 2.495 2.37 2.251 2.14 2.036 1.941 1.853 1.772 1.696 1.626
0.84 0.841 0.841 0.842 0.843 0.843 0.844 0.845 0.846 0.848 0.852 0.86 0.871 0.888 0.912 0.941 0.978 1.021 1.071 1.126 1.187 1.253 1.323 1.398 1.477 1.56 1.649 1.743 1.84 1.942 2.046 2.15 2.254 2.355 2.453 2.546 2.635 2.72 2.801 2.879 2.954 3.026 3.097 3.165 3.23 3.292 3.35 3.404 3.454 3.499 3.538 3.57 3.594 3.609 3.613 3.606 3.587 3.556 3.511 3.454 3.383 3.301 3.206 3.102 2.99 2.872 2.75 2.627 2.506 2.388 2.276 2.17 2.072 1.98 1.895 1.817 1.743 1.674
0.87 0.87 0.871 0.873 0.874 0.875 0.876 0.877 0.878 0.88 0.884 0.89 0.901 0.917 0.939 0.967 1.002 1.044 1.091 1.144 1.201 1.263 1.328 1.397 1.469 1.545 1.625 1.709 1.797 1.889 1.982 2.076 2.17 2.262 2.352 2.438 2.523 2.604 2.683 2.76 2.836 2.909 2.98 3.049 3.116 3.179 3.238 3.294 3.344 3.39 3.43 3.463 3.489 3.506 3.513 3.51 3.497 3.471 3.434 3.384 3.322 3.249 3.164 3.07 2.968 2.86 2.748 2.634 2.521 2.411 2.305 2.205 2.111 2.023 1.941 1.865 1.794 1.725
0.899 0.9 0.902 0.904 0.905 0.907 0.908 0.909 0.91 0.911 0.914 0.921 0.931 0.946 0.967 0.995 1.028 1.068 1.113 1.163 1.217 1.274 1.334 1.397 1.462 1.53 1.602 1.678 1.756 1.838 1.922 2.006 2.091 2.175 2.257 2.338 2.418 2.496 2.573 2.65 2.725 2.799 2.871 2.941 3.008 3.071 3.131 3.186 3.237 3.283 3.324 3.358 3.385 3.404 3.415 3.417 3.408 3.389 3.359 3.317 3.264 3.2 3.126 3.042 2.95 2.852 2.749 2.644 2.539 2.436 2.336 2.241 2.152 2.068 1.989 1.915 1.845 1.778
0.928 0.929 0.931 0.933 0.936 0.937 0.939 0.939 0.94 0.941 0.944 0.95 0.96 0.975 0.995 1.022 1.054 1.093 1.135 1.182 1.232 1.285 1.34 1.396 1.455 1.516 1.58 1.647 1.717 1.79 1.865 1.941 2.018 2.094 2.17 2.245 2.321 2.396 2.471 2.547 2.622 2.695 2.768 2.837 2.904 2.967 3.027 3.082 3.132 3.178 3.219 3.254 3.282 3.304 3.318 3.324 3.321 3.309 3.286 3.253 3.209 3.154 3.089 3.015 2.933 2.845 2.751 2.654 2.557 2.461 2.367 2.278 2.193 2.113 2.037 1.966 1.898 1.832
0.956 0.957 0.959 0.961 0.964 0.966 0.967 0.968 0.968 0.969 0.972 0.978 0.987 1.002 1.022 1.048 1.08 1.117 1.157 1.201 1.248 1.295 1.345 1.395 1.447 1.502 1.558 1.618 1.68 1.745 1.812 1.881 1.95 2.019 2.089 2.16 2.231 2.304 2.377 2.451 2.525 2.598 2.67 2.739 2.805 2.867 2.925 2.979 3.029 3.074 3.114 3.15 3.18 3.204 3.222 3.233 3.235 3.229 3.214 3.189 3.154 3.108 3.053 2.989 2.916 2.837 2.752 2.664 2.574 2.485 2.397 2.313 2.233 2.156 2.084 2.016 1.95 1.886
0.981 0.983 0.985 0.988 0.99 0.992 0.994 0.994 0.995 0.996 0.998 1.004 1.013 1.028 1.048 1.074 1.105 1.14 1.178 1.219 1.262 1.305 1.349 1.394 1.44 1.488 1.538 1.591 1.646 1.704 1.764 1.825 1.888 1.951 2.016 2.082 2.15 2.219 2.29 2.362 2.435 2.507 2.577 2.645 2.71 2.77 2.827 2.879 2.927 2.971 3.011 3.046 3.078 3.105 3.126 3.141 3.15 3.15 3.142 3.125 3.098 3.062 3.015 2.96 2.897 2.826 2.75 2.67 2.588 2.506 2.424 2.345 2.27 2.198 2.129 2.064 2.001 1.939
1.005 1.006 1.008 1.011 1.014 1.017 1.018 1.019 1.019 1.02 1.023 1.029 1.038 1.053 1.073 1.098 1.128 1.161 1.198 1.236 1.275 1.314 1.353 1.393 1.433 1.475 1.519 1.566 1.615 1.666 1.72 1.775 1.832 1.89 1.95 2.011 2.075 2.141 2.21 2.28 2.351 2.421 2.49 2.556 2.618 2.677 2.731 2.781 2.827 2.869 2.909 2.945 2.977 3.006 3.03 3.05 3.064 3.07 3.069 3.06 3.041 3.012 2.975 2.928 2.874 2.812 2.744 2.672 2.598 2.523 2.448 2.375 2.304 2.237 2.173 2.111 2.05 1.992
1.026 1.027 1.03 1.033 1.036 1.039 1.041 1.042 1.042 1.044 1.046 1.052 1.062 1.076 1.096 1.121 1.15 1.182 1.216 1.251 1.287 1.322 1.357 1.392 1.427 1.464 1.503 1.544 1.587 1.633 1.681 1.731 1.782 1.836 1.891 1.948 2.009 2.071 2.137 2.204 2.273 2.341 2.407 2.471 2.531 2.587 2.638 2.686 2.73 2.771 2.809 2.845 2.878 2.909 2.936 2.96 2.978 2.99 2.995 2.992 2.981 2.96 2.931 2.892 2.846 2.793 2.734 2.67 2.604 2.536 2.468 2.401 2.336 2.273 2.213 2.155 2.099 2.043
1.045 1.046 1.049 1.053 1.057 1.06 1.062 1.064 1.065 1.066 1.069 1.075 1.085 1.099 1.119 1.143 1.171 1.201 1.234 1.266 1.299 1.331 1.362 1.393 1.424 1.456 1.49 1.526 1.565 1.606 1.649 1.693 1.74 1.789 1.84 1.893 1.95 2.009 2.071 2.136 2.201 2.267 2.33 2.391 2.448 2.501 2.55 2.595 2.637 2.676 2.714 2.749 2.783 2.815 2.845 2.871 2.893 2.91 2.92 2.923 2.918 2.905 2.883 2.852 2.814 2.77 2.719 2.664 2.605 2.545 2.484 2.423 2.364 2.307 2.252 2.199 2.146 2.094
1.062 1.064 1.067 1.071 1.076 1.08 1.083 1.085 1.086 1.088 1.092 1.098 1.108 1.122 1.141 1.164 1.191 1.22 1.251 1.281 1.311 1.34 1.368 1.396 1.424 1.452 1.482 1.514 1.548 1.585 1.623 1.664 1.706 1.75 1.797 1.846 1.899 1.955 2.014 2.075 2.137 2.199 2.259 2.317 2.371 2.421 2.467 2.509 2.549 2.587 2.623 2.658 2.692 2.725 2.756 2.785 2.81 2.831 2.845 2.853 2.854 2.847 2.832 2.809 2.779 2.742 2.7 2.654 2.604 2.551 2.497 2.443 2.39 2.339 2.289 2.24 2.192 2.144
1.079 1.081 1.085 1.089 1.094 1.099 1.103 1.105 1.108 1.111 1.115 1.121 1.131 1.146 1.164 1.187 1.212 1.24 1.269 1.297 1.325 1.352 1.378 1.403 1.428 1.453 1.48 1.508 1.539 1.571 1.606 1.642 1.68 1.721 1.763 1.809 1.858 1.91 1.964 2.022 2.08 2.139 2.195 2.249 2.3 2.347 2.39 2.43 2.467 2.503 2.538 2.572 2.606 2.64 2.672 2.702 2.73 2.753 2.771 2.783 2.789 2.787 2.779 2.763 2.74 2.712 2.679 2.641 2.599 2.554 2.508 2.461 2.414 2.368 2.323 2.279 2.235 2.192
1.097 1.099 1.103 1.108 1.113 1.118 1.123 1.126 1.13 1.133 1.138 1.145 1.156 1.17 1.188 1.209 1.234 1.26 1.288 1.315 1.341 1.366 1.39 1.413 1.436 1.459 1.484 1.509 1.536 1.566 1.596 1.629 1.663 1.7 1.739 1.781 1.825 1.873 1.924 1.977 2.032 2.086 2.139 2.189 2.236 2.279 2.32 2.357 2.392 2.426 2.46 2.493 2.526 2.56 2.592 2.624 2.653 2.678 2.699 2.715 2.724 2.728 2.725 2.716 2.701 2.68 2.655 2.625 2.592 2.555 2.517 2.476 2.436 2.395 2.355 2.315 2.276 2.237
