DCGAN/plot/SedofBasin_0210.grd
DSAA
100 100
0 40
0 40
0 9.395
[rows 35 to 69 of 100, columns 0 to 79 of 100]
0.97 0.941 0.885 0.806 0.71 0.606 0.501 0.404 0.322 0.261 0.224 0.214 0.232 0.279 0.355 0.459 0.592 0.75 0.931 1.13 1.342 1.564 1.793 2.025 2.261 2.499 2.739 2.979 3.217 3.447 3.666 3.868 4.048 4.203 4.33 4.43 4.504 4.552 4.579 4.586 4.576 4.552 4.517 4.471 4.417 4.357 4.292 4.226 4.159 4.093 4.031 3.975 3.925 3.882 3.845 3.811 3.773 3.725 3.656 3.559 3.424 3.25 3.036 2.787 2.514 2.229 1.945 1.675 1.429 1.213 1.03 0.88 0.76 0.667 0.594 0.538 0.494 0.457 0.425 0.397
0.861 0.836 0.787 0.719 0.635 0.543 0.449 0.36 0.284 0.225 0.186 0.169 0.176 0.206 0.261 0.341 0.443 0.568 0.714 0.877 1.054 1.244 1.444 1.654 1.873 2.103 2.341 2.586 2.836 3.085 3.327 3.556 3.766 3.952 4.112 4.244 4.35 4.43 4.488 4.526 4.546 4.551 4.543 4.522 4.492 4.454 4.41 4.361 4.31 4.26 4.212 4.168 4.128 4.094 4.063 4.032 3.994 3.943 3.868 3.761 3.614 3.425 3.193 2.924 2.629 2.32 2.013 1.719 1.451 1.215 1.015 0.852 0.722 0.622 0.546 0.49 0.447 0.414 0.387 0.364
0.736 0.715 0.675 0.617 0.546 0.468 0.387 0.311 0.244 0.19 0.153 0.134 0.133 0.152 0.191 0.249 0.325 0.421 0.534 0.662 0.806 0.963 1.133 1.318 1.517 1.731 1.962 2.206 2.462 2.722 2.981 3.231 3.466 3.68 3.869 4.032 4.169 4.281 4.37 4.438 4.489 4.523 4.542 4.548 4.543 4.527 4.503 4.474 4.442 4.409 4.377 4.348 4.323 4.3 4.278 4.252 4.215 4.161 4.08 3.962 3.801 3.594 3.343 3.052 2.734 2.402 2.071 1.755 1.466 1.213 0.998 0.822 0.684 0.578 0.499 0.441 0.4 0.369 0.346 0.328
0.604 0.588 0.555 0.509 0.452 0.388 0.322 0.259 0.203 0.157 0.124 0.106 0.102 0.113 0.139 0.179 0.235 0.305 0.389 0.487 0.599 0.725 0.866 1.024 1.2 1.397 1.614 1.852 2.105 2.37 2.639 2.904 3.157 3.394 3.608 3.799 3.964 4.106 4.226 4.325 4.406 4.469 4.517 4.55 4.569 4.576 4.574 4.565 4.552 4.538 4.525 4.513 4.503 4.494 4.482 4.463 4.43 4.374 4.285 4.157 3.981 3.756 3.484 3.171 2.831 2.476 2.123 1.788 1.481 1.212 0.984 0.799 0.653 0.541 0.459 0.4 0.359 0.329 0.308 0.293
0.476 0.463 0.438 0.403 0.358 0.309 0.257 0.207 0.163 0.126 0.1 0.084 0.079 0.084 0.101 0.129 0.167 0.216 0.277 0.349 0.434 0.532 0.645 0.777 0.93 1.106 1.307 1.532 1.778 2.04 2.311 2.584 2.85 3.102 3.337 3.55 3.742 3.911 4.06 4.189 4.299 4.392 4.468 4.528 4.572 4.603 4.623 4.635 4.642 4.648 4.653 4.659 4.667 4.673 4.673 4.663 4.633 4.575 4.481 4.341 4.151 3.908 3.616 3.283 2.921 2.546 2.175 1.823 1.502 1.22 0.982 0.788 0.636 0.52 0.435 0.373 0.331 0.301 0.28 0.266
0.359 0.35 0.331 0.305 0.272 0.235 0.197 0.16 0.126 0.099 0.079 0.066 0.062 0.065 0.075 0.093 0.119 0.152 0.194 0.245 0.307 0.381 0.471 0.579 0.709 0.864 1.046 1.255 1.488 1.741 2.008 2.281 2.552 2.815 3.063 3.295 3.508 3.702 3.877 4.035 4.174 4.296 4.4 4.487 4.557 4.612 4.655 4.688 4.716 4.741 4.765 4.79 4.815 4.836 4.849 4.847 4.821 4.762 4.662 4.512 4.308 4.048 3.738 3.387 3.008 2.617 2.232 1.866 1.534 1.243 0.998 0.797 0.64 0.519 0.431 0.367 0.321 0.29 0.268 0.252
0.259 0.252 0.24 0.221 0.198 0.172 0.145 0.118 0.095 0.076 0.061 0.053 0.049 0.051 0.058 0.069 0.086 0.107 0.135 0.17 0.214 0.269 0.339 0.426 0.535 0.669 0.831 1.022 1.239 1.479 1.737 2.004 2.274 2.54 2.797 3.041 3.271 3.486 3.685 3.868 4.035 4.186 4.318 4.432 4.528 4.608 4.674 4.73 4.778 4.823 4.866 4.909 4.95 4.985 5.01 5.015 4.993 4.933 4.827 4.668 4.451 4.178 3.853 3.487 3.094 2.691 2.295 1.921 1.582 1.285 1.034 0.829 0.667 0.543 0.45 0.383 0.335 0.3 0.275 0.257
0.179 0.174 0.166 0.153 0.138 0.121 0.103 0.085 0.069 0.057 0.048 0.042 0.041 0.042 0.047 0.054 0.064 0.078 0.096 0.12 0.15 0.19 0.244 0.313 0.404 0.519 0.662 0.833 1.032 1.257 1.5 1.757 2.021 2.285 2.545 2.797 3.039 3.271 3.49 3.697 3.89 4.067 4.227 4.368 4.492 4.597 4.687 4.766 4.835 4.9 4.961 5.021 5.076 5.124 5.158 5.17 5.15 5.088 4.976 4.808 4.581 4.295 3.959 3.582 3.18 2.77 2.368 1.989 1.645 1.345 1.09 0.882 0.717 0.589 0.493 0.423 0.37 0.332 0.303 0.281
0.118 0.115 0.11 0.102 0.093 0.082 0.07 0.06 0.05 0.042 0.037 0.035 0.035 0.036 0.04 0.045 0.052 0.06 0.072 0.087 0.109 0.138 0.179 0.234 0.309 0.407 0.532 0.685 0.866 1.073 1.301 1.544 1.798 2.056 2.314 2.569 2.82 3.064 3.3 3.527 3.744 3.946 4.133 4.302 4.452 4.584 4.7 4.802 4.893 4.977 5.056 5.131 5.199 5.257 5.297 5.312 5.292 5.227 5.109 4.933 4.696 4.401 4.056 3.672 3.265 2.851 2.446 2.066 1.721 1.419 1.163 0.953 0.786 0.655 0.556 0.482 0.426 0.384 0.35 0.324
0.075 0.073 0.07 0.066 0.061 0.054 0.048 0.042 0.036 0.033 0.03 0.03 0.03 0.033 0.036 0.04 0.044 0.05 0.058 0.069 0.084 0.105 0.137 0.181 0.243 0.327 0.436 0.572 0.735 0.924 1.136 1.365 1.606 1.855 2.108 2.363 2.618 2.871 3.121 3.366 3.603 3.83 4.042 4.238 4.415 4.574 4.715 4.842 4.955 5.059 5.155 5.243 5.321 5.386 5.43 5.445 5.422 5.351 5.226 5.041 4.795 4.493 4.141 3.753 3.344 2.929 2.526 2.147 1.803 1.502 1.246 1.035 0.866 0.734 0.632 0.555 0.496 0.449 0.412 0.382
0.046 0.045 0.044 0.042 0.039 0.037 0.033 0.03 0.028 0.026 0.025 0.026 0.027 0.03 0.033 0.036 0.04 0.045 0.051 0.058 0.07 0.086 0.111 0.147 0.199 0.271 0.366 0.487 0.634 0.807 1.002 1.216 1.444 1.683 1.93 2.182 2.439 2.698 2.959 3.219 3.474 3.722 3.958 4.179 4.383 4.569 4.736 4.887 5.023 5.147 5.258 5.358 5.444 5.513 5.557 5.568 5.539 5.461 5.327 5.133 4.879 4.569 4.213 3.823 3.413 3 2.599 2.223 1.882 1.583 1.328 1.117 0.948 0.815 0.712 0.632 0.57 0.521 0.481 0.447
0.028 0.028 0.028 0.027 0.027 0.026 0.025 0.024 0.023 0.022 0.022 0.023 0.025 0.027 0.03 0.034 0.037 0.042 0.047 0.053 0.062 0.076 0.096 0.126 0.17 0.232 0.315 0.423 0.556 0.714 0.895 1.095 1.31 1.539 1.778 2.027 2.284 2.548 2.817 3.088 3.359 3.626 3.883 4.128 4.357 4.569 4.762 4.938 5.096 5.238 5.364 5.475 5.567 5.636 5.678 5.683 5.645 5.557 5.411 5.207 4.944 4.627 4.267 3.875 3.466 3.056 2.658 2.287 1.949 1.653 1.4 1.191 1.022 0.888 0.784 0.704 0.64 0.589 0.546 0.51
0.018 0.018 0.018 0.019 0.02 0.02 0.021 0.021 0.021 0.02 0.021 0.022 0.023 0.025 0.028 0.031 0.035 0.039 0.044 0.05 0.058 0.07 0.087 0.112 0.15 0.204 0.278 0.375 0.496 0.642 0.809 0.997 1.201 1.421 1.653 1.898 2.154 2.42 2.696 2.977 3.26 3.542 3.818 4.084 4.337 4.572 4.79 4.989 5.169 5.329 5.47 5.589 5.685 5.754 5.791 5.788 5.739 5.637 5.479 5.263 4.989 4.665 4.3 3.905 3.497 3.09 2.696 2.329 1.997 1.704 1.455 1.247 1.079 0.946 0.842 0.761 0.696 0.644 0.6 0.563
0.012 0.013 0.014 0.015 0.017 0.018 0.019 0.019 0.02 0.02 0.02 0.02 0.021 0.023 0.025 0.028 0.032 0.037 0.042 0.048 0.055 0.065 0.08 0.102 0.135 0.183 0.25 0.338 0.45 0.584 0.741 0.918 1.113 1.325 1.552 1.793 2.048 2.316 2.595 2.883 3.176 3.471 3.762 4.045 4.317 4.575 4.815 5.036 5.236 5.413 5.567 5.695 5.795 5.862 5.892 5.879 5.818 5.702 5.53 5.299 5.014 4.681 4.309 3.912 3.504 3.098 2.709 2.346 2.019 1.731 1.485 1.28 1.114 0.981 0.877 0.796 0.731 0.678 0.634 0.597
0.009 0.01 0.011 0.013 0.015 0.017 0.018 0.019 0.019 0.019 0.019 0.019 0.019 0.02 0.022 0.025 0.029 0.033 0.038 0.044 0.051 0.061 0.074 0.094 0.123 0.167 0.228 0.309 0.412 0.538 0.687 0.855 1.043 1.248 1.47 1.708 1.962 2.23 2.512 2.804 3.104 3.407 3.709 4.007 4.296 4.572 4.832 5.072 5.29 5.484 5.65 5.787 5.889 5.955 5.978 5.955 5.88 5.75 5.562 5.317 5.019 4.675 4.296 3.894 3.484 3.08 2.694 2.336 2.014 1.731 1.49 1.288 1.124 0.992 0.889 0.807 0.742 0.689 0.645 0.607
0.008 0.009 0.01 0.012 0.014 0.017 0.018 0.019 0.019 0.019 0.018 0.017 0.017 0.018 0.019 0.022 0.025 0.029 0.034 0.04 0.046 0.055 0.067 0.085 0.113 0.153 0.209 0.285 0.382 0.502 0.644 0.806 0.988 1.188 1.406 1.641 1.893 2.16 2.442 2.736 3.039 3.347 3.657 3.965 4.266 4.557 4.833 5.091 5.326 5.534 5.712 5.856 5.962 6.027 6.045 6.012 5.925 5.78 5.576 5.316 5.004 4.648 4.26 3.853 3.44 3.036 2.653 2.3 1.984 1.707 1.47 1.273 1.111 0.981 0.877 0.795 0.729 0.676 0.631 0.594
0.007 0.008 0.009 0.011 0.014 0.016 0.017 0.018 0.018 0.018 0.017 0.016 0.015 0.015 0.016 0.018 0.021 0.025 0.029 0.034 0.04 0.048 0.06 0.077 0.102 0.14 0.194 0.266 0.359 0.473 0.61 0.767 0.944 1.141 1.355 1.587 1.836 2.101 2.381 2.673 2.976 3.286 3.6 3.914 4.223 4.525 4.814 5.086 5.335 5.556 5.746 5.898 6.009 6.073 6.087 6.047 5.949 5.791 5.573 5.298 4.972 4.605 4.207 3.792 3.377 2.973 2.593 2.244 1.934 1.663 1.432 1.239 1.08 0.951 0.847 0.765 0.698 0.644 0.599 0.561
0.006 0.007 0.008 0.01 0.013 0.015 0.016 0.017 0.017 0.016 0.015 0.014 0.013 0.012 0.013 0.014 0.017 0.02 0.024 0.028 0.034 0.041 0.052 0.068 0.093 0.129 0.181 0.25 0.34 0.451 0.583 0.736 0.91 1.102 1.312 1.54 1.785 2.046 2.322 2.611 2.911 3.219 3.533 3.849 4.164 4.472 4.771 5.053 5.314 5.547 5.747 5.907 6.024 6.091 6.104 6.059 5.953 5.784 5.554 5.266 4.927 4.548 4.141 3.72 3.301 2.897 2.52 2.177 1.872 1.608 1.384 1.195 1.039 0.912 0.808 0.724 0.655 0.6 0.553 0.515
0.005 0.006 0.007 0.009 0.011 0.013 0.014 0.015 0.015 0.014 0.013 0.011 0.01 0.01 0.01 0.011 0.013 0.015 0.018 0.022 0.027 0.034 0.045 0.06 0.084 0.12 0.17 0.237 0.325 0.433 0.562 0.711 0.88 1.068 1.274 1.497 1.736 1.991 2.261 2.544 2.838 3.142 3.452 3.767 4.083 4.396 4.7 4.99 5.26 5.503 5.712 5.882 6.005 6.077 6.092 6.046 5.936 5.76 5.521 5.223 4.873 4.484 4.068 3.642 3.221 2.818 2.444 2.106 1.809 1.552 1.334 1.15 0.997 0.871 0.767 0.681 0.611 0.552 0.504 0.464
0.004 0.005 0.006 0.007 0.009 0.011 0.012 0.012 0.012 0.011 0.01 0.009 0.008 0.007 0.007 0.008 0.009 0.011 0.014 0.017 0.021 0.028 0.038 0.053 0.077 0.112 0.161 0.227 0.312 0.417 0.543 0.688 0.853 1.036 1.236 1.453 1.685 1.932 2.194 2.469 2.755 3.052 3.356 3.667 3.981 4.293 4.6 4.894 5.171 5.422 5.641 5.82 5.953 6.033 6.053 6.01 5.899 5.721 5.476 5.171 4.814 4.417 3.996 3.566 3.144 2.743 2.374 2.043 1.753 1.504 1.291 1.113 0.963 0.837 0.733 0.645 0.572 0.51 0.459 0.415
0.003 0.004 0.005 0.006 0.007 0.008 0.009 0.01 0.01 0.009 0.008 0.007 0.006 0.005 0.005 0.006 0.006 0.008 0.01 0.012 0.016 0.023 0.032 0.047 0.07 0.104 0.152 0.217 0.3 0.402 0.524 0.665 0.825 1.002 1.195 1.404 1.628 1.866 2.118 2.383 2.66 2.947 3.244 3.547 3.856 4.166 4.472 4.768 5.049 5.307 5.535 5.724 5.867 5.957 5.986 5.95 5.843 5.666 5.421 5.113 4.752 4.352 3.928 3.498 3.078 2.682 2.319 1.995 1.713 1.47 1.264 1.09 0.943 0.818 0.712 0.622 0.545 0.48 0.424 0.377
0.002 0.003 0.003 0.004 0.005 0.006 0.007 0.007 0.007 0.007 0.006 0.005 0.004 0.004 0.004 0.004 0.004 0.005 0.007 0.009 0.013 0.018 0.027 0.042 0.065 0.098 0.144 0.207 0.287 0.386 0.503 0.64 0.793 0.963 1.149 1.349 1.564 1.792 2.033 2.286 2.552 2.828 3.115 3.409 3.71 4.014 4.317 4.614 4.897 5.161 5.397 5.596 5.751 5.853 5.894 5.867 5.769 5.598 5.356 5.049 4.69 4.29 3.869 3.442 3.027 2.637 2.282 1.967 1.693 1.458 1.258 1.088 0.943 0.818 0.71 0.617 0.536 0.466 0.406 0.355
0.002 0.002 0.002 0.003 0.004 0.004 0.005 0.005 0.005 0.005 0.004 0.004 0.003 0.003 0.002 0.002 0.003 0.003 0.005 0.006 0.01 0.015 0.024 0.038 0.059 0.091 0.135 0.195 0.272 0.366 0.479 0.609 0.756 0.919 1.096 1.287 1.492 1.709 1.938 2.18 2.433 2.697 2.971 3.255 3.547 3.843 4.141 4.435 4.719 4.987 5.23 5.44 5.607 5.722 5.776 5.763 5.676 5.515 5.281 4.981 4.627 4.233 3.818 3.398 2.991 2.611 2.266 1.961 1.696 1.469 1.274 1.108 0.964 0.838 0.729 0.632 0.547 0.472 0.406 0.349
0.001 0.001 0.002 0.002 0.002 0.003 0.003 0.003 0.003 0.003 0.003 0.002 0.002 0.002 0.001 0.001 0.002 0.002 0.003 0.005 0.007 0.012 0.02 0.033 0.054 0.084 0.126 0.182 0.254 0.344 0.451 0.574 0.714 0.868 1.037 1.218 1.412 1.618 1.836 2.064 2.304 2.555 2.817 3.088 3.368 3.655 3.946 4.236 4.52 4.791 5.04 5.259 5.438 5.567 5.636 5.638 5.566 5.418 5.196 4.907 4.563 4.179 3.774 3.366 2.971 2.603 2.27 1.976 1.72 1.501 1.312 1.148 1.005 0.879 0.766 0.666 0.575 0.495 0.424 0.361
0.001 0.001 0.001 0.001 0.001 0.002 0.002 0.002 0.002 0.002 0.002 0.001 0.001 0.001 0.001 0.001 0.001 0.001 0.002 0.003 0.006 0.01 0.018 0.03 0.048 0.076 0.115 0.167 0.234 0.318 0.418 0.535 0.667 0.813 0.972 1.144 1.327 1.522 1.727 1.943 2.169 2.406 2.653 2.911 3.179 3.456 3.738 4.023 4.305 4.577 4.832 5.059 5.249 5.391 5.475 5.493 5.437 5.305 5.099 4.825 4.496 4.127 3.737 3.343 2.963 2.609 2.29 2.008 1.763 1.551 1.367 1.207 1.064 0.936 0.821 0.716 0.62 0.534 0.457 0.389
0 0 0.001 0.001 0.001 0.001 0.001 0.001 0.001 0.001 0.001 0.001 0.001 0.001 0 0 0.001 0.001 0.001 0.003 0.005 0.008 0.015 0.026 0.042 0.067 0.103 0.15 0.212 0.29 0.383 0.492 0.616 0.754 0.904 1.066 1.24 1.423 1.616 1.818 2.031 2.253 2.485 2.729 2.984 3.249 3.523 3.802 4.08 4.353 4.61 4.844 5.043 5.197 5.296 5.329 5.291 5.177 4.99 4.736 4.426 4.076 3.704 3.328 2.965 2.628 2.323 2.053 1.818 1.614 1.435 1.277 1.135 1.006 0.887 0.777 0.677 0.585 0.502 0.428
0 0 0 0 0 0.001 0.001 0.001 0.001 0.001 0.001 0 0 0 0 0 0 0.001 0.001 0.002 0.004 0.007 0.013 0.022 0.037 0.059 0.09 0.133 0.19 0.261 0.347 0.448 0.564 0.693 0.835 0.988 1.151 1.323 1.504 1.693 1.891 2.099 2.316 2.546 2.787 3.041 3.305 3.576 3.851 4.121 4.38 4.618 4.825 4.989 5.1 5.149 5.129 5.036 4.871 4.639 4.352 4.025 3.675 3.32 2.975 2.654 2.364 2.107 1.882 1.685 1.511 1.354 1.212 1.081 0.959 0.845 0.74 0.643 0.554 0.474
0 0 0 0 0 0 0 0 0 0 0 0 0 0 0 0 0 0 0.001 0.001 0.003 0.006 0.01 0.018 0.031 0.05 0.078 0.116 0.167 0.232 0.311 0.405 0.513 0.634 0.768 0.912 1.065 1.226 1.395 1.571 1.755 1.947 2.15 2.365 2.593 2.834 3.088 3.352 3.621 3.888 4.146 4.386 4.597 4.769 4.891 4.956 4.955 4.884 4.743 4.538 4.278 3.976 3.65 3.317 2.993 2.689 2.412 2.166 1.95 1.758 1.588 1.433 1.29 1.157 1.031 0.914 0.803 0.701 0.607 0.522
0 0 0 0 0 0 0 0 0 0 0 0 0 0 0 0 0 0 0.001 0.001 0.002 0.005 0.008 0.015 0.026 0.042 0.067 0.1 0.146 0.204 0.277 0.364 0.464 0.578 0.704 0.839 0.983 1.133 1.29 1.453 1.623 1.802 1.99 2.191 2.405 2.635 2.878 3.133 3.394 3.657 3.912 4.151 4.364 4.542 4.675 4.754 4.772 4.725 4.612 4.435 4.204 3.931 3.632 3.322 3.018 2.73 2.466 2.229 2.019 1.831 1.662 1.507 1.363 1.227 1.099 0.977 0.862 0.755 0.657 0.568
0 0 0 0 0 0 0 0 0 0 0 0 0 0 0 0 0 0 0 0.001 0.002 0.004 0.007 0.012 0.021 0.035 0.056 0.086 0.126 0.179 0.246 0.326 0.42 0.527 0.645 0.772 0.907 1.047 1.193 1.344 1.5 1.665 1.839 2.026 2.227 2.444 2.677 2.922 3.175 3.431 3.681 3.917 4.131 4.314 4.456 4.549 4.587 4.565 4.48 4.335 4.136 3.894 3.622 3.337 3.052 2.779 2.525 2.295 2.088 1.902 1.732 1.576 1.428 1.289 1.156 1.031 0.912 0.801 0.699 0.606
0 0 0 0 0 0 0 0 0 0 0 0 0 0 0 0 0 0 0 0.001 0.001 0.003 0.005 0.01 0.017 0.029 0.047 0.074 0.11 0.158 0.219 0.293 0.381 0.481 0.592 0.712 0.838 0.969 1.104 1.243 1.387 1.539 1.699 1.873 2.062 2.267 2.488 2.723 2.967 3.214 3.457 3.69 3.903 4.088 4.238 4.346 4.404 4.406 4.352 4.239 4.074 3.864 3.623 3.362 3.096 2.837 2.592 2.365 2.159 1.97 1.797 1.636 1.484 1.34 1.202 1.072 0.949 0.835 0.73 0.634
0 0 0 0 0 0 0 0 0 0 0 0 0 0 0 0 0 0 0 0 0.001 0.002 0.004 0.008 0.014 0.024 0.04 0.063 0.096 0.139 0.196 0.265 0.348 0.442 0.547 0.659 0.777 0.9 1.025 1.153 1.286 1.425 1.573 1.735 1.911 2.104 2.314 2.538 2.771 3.009 3.245 3.472 3.683 3.87 4.028 4.148 4.226 4.254 4.229 4.151 4.02 3.845 3.633 3.398 3.151 2.904 2.665 2.44 2.231 2.037 1.857 1.688 1.529 1.378 1.235 1.1 0.973 0.855 0.748 0.65
0 0 0 0 0 0 0 0 0 0 0 0 0 0 0 0 0 0 0 0 0.001 0.002 0.003 0.006 0.012 0.02 0.034 0.055 0.084 0.124 0.176 0.241 0.319 0.408 0.507 0.614 0.725 0.84 0.956 1.075 1.197 1.325 1.462 1.612 1.777 1.958 2.157 2.369 2.592 2.82 3.047 3.267 3.475 3.663 3.827 3.96 4.056 4.109 4.114 4.069 3.974 3.833 3.653 3.443 3.216 2.981 2.747 2.522 2.307 2.105 1.914 1.735 1.566 1.406 1.256 1.115 0.983 0.862 0.752 0.654
0 0 0 0 0 0 0 0 0 0 0 0 0 0 0 0 0 0 0 0 0.001 0.001 0.003 0.005 0.01 0.017 0.03 0.048 0.075 0.112 0.16 0.222 0.295 0.38 0.474 0.575 0.68 0.788 0.897 1.008 1.121 1.24 1.367 1.506 1.66 1.831 2.018 2.219 2.431 2.648 2.866 3.079 3.282 3.47 3.638 3.782 3.895 3.971 4.005 3.993 3.933 3.826 3.678 3.496 3.289 3.066 2.838 2.61 2.388 2.175 1.971 1.779 1.597 1.426 1.266 1.118 0.981 0.857 0.745 0.647
0 0 0 0 0 0 0 0 0 0 0 0 0 0 0 0 0 0 0 0 0 0.001 0.002 0.004 0.008 0.015 0.026 0.043 0.067 0.101 0.147 0.205 0.275 0.356 0.446 0.542 0.643 0.745 0.848 0.952 1.058 1.168 1.287 1.417 1.562 1.722 1.898 2.088 2.289 2.495 2.703 2.907 3.105 3.291 3.463 3.614 3.742 3.839 3.899 3.919 3.893 3.821 3.706 3.552 3.366 3.158 2.935 2.706 2.476 2.25 2.032 1.823 1.626 1.442 1.27 1.113 0.97 0.842 0.728 0.63
