DCGAN/plot/SedofBasin_0644.grd
DSAA
100 100
0 40
0 40
0.184 6.946
[rows 0 to 33 of 100, columns 0 to 77 of 100]
0.545 0.537 0.52 0.498 0.472 0.444 0.417 0.393 0.372 0.355 0.342 0.333 0.329 0.328 0.331 0.338 0.348 0.362 0.379 0.399 0.422 0.447 0.475 0.504 0.534 0.565 0.596 0.626 0.655 0.682 0.707 0.728 0.747 0.761 0.772 0.778 0.781 0.779 0.773 0.765 0.755 0.743 0.732 0.72 0.709 0.699 0.69 0.682 0.673 0.665 0.657 0.648 0.638 0.626 0.614 0.599 0.583 0.565 0.544 0.522 0.499 0.476 0.453 0.432 0.414 0.4 0.389 0.384 0.382 0.384 0.39 0.4 0.412 0.428 0.447 0.469 0.494 0.522
0.534 0.526 0.51 0.488 0.463 0.436 0.41 0.386 0.366 0.35 0.338 0.329 0.325 0.325 0.328 0.334 0.344 0.358 0.374 0.394 0.417 0.442 0.469 0.498 0.528 0.559 0.59 0.62 0.649 0.677 0.702 0.724 0.742 0.757 0.769 0.776 0.779 0.778 0.773 0.766 0.757 0.746 0.735 0.724 0.713 0.704 0.695 0.687 0.68 0.672 0.663 0.654 0.644 0.632 0.619 0.605 0.588 0.569 0.549 0.527 0.504 0.48 0.458 0.437 0.418 0.404 0.393 0.387 0.385 0.387 0.393 0.402 0.414 0.43 0.448 0.47 0.495 0.522
0.514 0.505 0.49 0.47 0.446 0.421 0.396 0.374 0.355 0.34 0.329 0.322 0.318 0.318 0.321 0.327 0.337 0.35 0.366 0.386 0.408 0.433 0.46 0.488 0.518 0.549 0.58 0.61 0.639 0.667 0.692 0.715 0.735 0.751 0.763 0.772 0.776 0.777 0.774 0.768 0.76 0.751 0.742 0.732 0.723 0.715 0.707 0.7 0.693 0.685 0.677 0.668 0.657 0.645 0.632 0.616 0.599 0.58 0.559 0.537 0.513 0.49 0.467 0.446 0.428 0.413 0.402 0.395 0.392 0.394 0.398 0.407 0.418 0.433 0.451 0.472 0.496 0.523
0.485 0.478 0.464 0.445 0.422 0.399 0.377 0.357 0.34 0.327 0.318 0.311 0.309 0.309 0.312 0.318 0.327 0.34 0.356 0.374 0.396 0.42 0.446 0.475 0.504 0.534 0.565 0.596 0.625 0.653 0.68 0.703 0.724 0.742 0.757 0.767 0.774 0.777 0.777 0.774 0.768 0.761 0.754 0.747 0.739 0.733 0.727 0.721 0.714 0.707 0.699 0.69 0.679 0.666 0.652 0.636 0.617 0.597 0.575 0.552 0.528 0.505 0.482 0.46 0.442 0.426 0.415 0.407 0.403 0.403 0.407 0.414 0.424 0.438 0.455 0.475 0.499 0.524
0.452 0.445 0.433 0.415 0.395 0.375 0.355 0.338 0.323 0.312 0.304 0.299 0.297 0.298 0.301 0.307 0.316 0.328 0.343 0.361 0.382 0.405 0.431 0.459 0.488 0.518 0.548 0.579 0.609 0.638 0.665 0.69 0.713 0.733 0.75 0.764 0.774 0.781 0.784 0.784 0.782 0.778 0.774 0.769 0.765 0.76 0.756 0.752 0.746 0.74 0.732 0.723 0.711 0.698 0.682 0.664 0.645 0.623 0.6 0.576 0.551 0.527 0.503 0.481 0.462 0.446 0.433 0.424 0.419 0.417 0.419 0.424 0.433 0.445 0.461 0.48 0.502 0.527
0.417 0.411 0.4 0.384 0.367 0.349 0.332 0.317 0.305 0.296 0.29 0.286 0.285 0.286 0.29 0.296 0.304 0.315 0.33 0.347 0.367 0.39 0.415 0.442 0.47 0.5 0.531 0.561 0.592 0.621 0.65 0.677 0.703 0.726 0.746 0.764 0.778 0.789 0.797 0.801 0.804 0.804 0.803 0.802 0.801 0.799 0.797 0.795 0.791 0.786 0.778 0.769 0.756 0.742 0.725 0.705 0.683 0.66 0.635 0.609 0.583 0.557 0.532 0.509 0.489 0.472 0.458 0.447 0.44 0.436 0.435 0.438 0.445 0.455 0.469 0.486 0.507 0.531
0.383 0.378 0.368 0.354 0.339 0.323 0.309 0.296 0.286 0.279 0.275 0.273 0.273 0.274 0.278 0.284 0.292 0.303 0.317 0.334 0.353 0.375 0.399 0.425 0.453 0.483 0.513 0.544 0.575 0.606 0.637 0.666 0.695 0.722 0.746 0.769 0.788 0.805 0.818 0.828 0.836 0.841 0.845 0.848 0.85 0.852 0.853 0.852 0.85 0.846 0.839 0.83 0.817 0.801 0.781 0.76 0.735 0.709 0.681 0.653 0.625 0.597 0.571 0.546 0.524 0.505 0.489 0.476 0.466 0.459 0.456 0.456 0.46 0.468 0.479 0.495 0.514 0.536
0.352 0.347 0.338 0.326 0.313 0.299 0.287 0.277 0.269 0.264 0.261 0.26 0.26 0.263 0.267 0.273 0.281 0.291 0.305 0.321 0.339 0.361 0.384 0.41 0.437 0.466 0.496 0.528 0.56 0.593 0.625 0.658 0.691 0.722 0.752 0.781 0.807 0.83 0.85 0.866 0.88 0.891 0.901 0.908 0.915 0.92 0.924 0.927 0.927 0.924 0.918 0.908 0.894 0.877 0.855 0.83 0.803 0.773 0.742 0.711 0.679 0.649 0.62 0.593 0.569 0.547 0.528 0.512 0.498 0.488 0.481 0.478 0.479 0.484 0.493 0.506 0.523 0.543
0.324 0.32 0.312 0.302 0.29 0.278 0.268 0.259 0.253 0.249 0.248 0.247 0.249 0.252 0.256 0.262 0.27 0.28 0.293 0.309 0.327 0.348 0.371 0.396 0.423 0.452 0.482 0.514 0.548 0.582 0.618 0.655 0.692 0.73 0.767 0.802 0.836 0.867 0.895 0.919 0.94 0.958 0.973 0.986 0.998 1.007 1.015 1.02 1.023 1.022 1.017 1.007 0.992 0.972 0.948 0.92 0.888 0.854 0.819 0.783 0.748 0.714 0.682 0.652 0.625 0.599 0.576 0.556 0.539 0.524 0.513 0.505 0.502 0.503 0.509 0.519 0.534 0.552
0.302 0.298 0.291 0.281 0.27 0.26 0.251 0.244 0.239 0.236 0.235 0.236 0.238 0.241 0.246 0.252 0.26 0.27 0.283 0.298 0.316 0.336 0.358 0.383 0.41 0.439 0.47 0.504 0.539 0.577 0.617 0.658 0.702 0.746 0.791 0.835 0.878 0.918 0.955 0.988 1.018 1.043 1.065 1.084 1.101 1.115 1.127 1.136 1.141 1.142 1.138 1.128 1.112 1.09 1.063 1.03 0.994 0.955 0.915 0.874 0.834 0.796 0.76 0.725 0.693 0.664 0.636 0.611 0.588 0.568 0.552 0.539 0.531 0.528 0.53 0.537 0.548 0.564
0.284 0.28 0.273 0.264 0.255 0.245 0.237 0.23 0.226 0.224 0.224 0.225 0.228 0.231 0.236 0.242 0.25 0.26 0.273 0.288 0.305 0.325 0.348 0.373 0.4 0.43 0.462 0.498 0.536 0.577 0.622 0.67 0.72 0.773 0.827 0.882 0.935 0.986 1.033 1.076 1.115 1.149 1.178 1.204 1.227 1.246 1.263 1.275 1.284 1.287 1.284 1.274 1.257 1.233 1.201 1.164 1.122 1.077 1.031 0.985 0.939 0.895 0.854 0.814 0.777 0.742 0.708 0.677 0.647 0.621 0.599 0.58 0.567 0.558 0.555 0.558 0.566 0.578
0.27 0.266 0.26 0.251 0.242 0.233 0.225 0.219 0.215 0.214 0.214 0.216 0.218 0.222 0.227 0.233 0.241 0.251 0.264 0.279 0.296 0.316 0.339 0.365 0.393 0.424 0.459 0.497 0.538 0.585 0.635 0.691 0.75 0.813 0.878 0.944 1.009 1.072 1.131 1.185 1.234 1.277 1.315 1.348 1.378 1.403 1.424 1.441 1.453 1.459 1.457 1.448 1.429 1.401 1.366 1.323 1.275 1.224 1.17 1.117 1.065 1.015 0.967 0.922 0.878 0.835 0.795 0.756 0.719 0.686 0.656 0.63 0.61 0.596 0.587 0.585 0.588 0.597
0.26 0.256 0.25 0.242 0.232 0.223 0.215 0.21 0.206 0.205 0.205 0.207 0.21 0.214 0.219 0.226 0.234 0.244 0.256 0.271 0.289 0.31 0.333 0.36 0.39 0.423 0.46 0.502 0.548 0.601 0.659 0.723 0.792 0.867 0.944 1.024 1.102 1.179 1.251 1.317 1.377 1.43 1.477 1.519 1.555 1.587 1.614 1.636 1.651 1.659 1.659 1.649 1.628 1.598 1.557 1.508 1.454 1.395 1.334 1.273 1.214 1.156 1.101 1.048 0.996 0.946 0.897 0.85 0.805 0.762 0.724 0.691 0.663 0.641 0.626 0.618 0.616 0.619
0.253 0.249 0.243 0.234 0.225 0.215 0.208 0.202 0.198 0.197 0.198 0.2 0.204 0.208 0.213 0.219 0.227 0.237 0.25 0.265 0.284 0.305 0.33 0.358 0.39 0.426 0.467 0.514 0.566 0.626 0.693 0.767 0.849 0.936 1.028 1.122 1.215 1.306 1.393 1.472 1.544 1.609 1.666 1.716 1.76 1.799 1.832 1.859 1.878 1.889 1.889 1.879 1.856 1.821 1.775 1.72 1.658 1.591 1.522 1.453 1.386 1.32 1.256 1.195 1.134 1.075 1.016 0.959 0.904 0.852 0.804 0.762 0.725 0.696 0.673 0.658 0.649 0.647
0.247 0.244 0.237 0.228 0.219 0.21 0.202 0.196 0.192 0.191 0.192 0.195 0.198 0.203 0.208 0.215 0.223 0.233 0.246 0.262 0.281 0.304 0.331 0.361 0.396 0.436 0.481 0.533 0.593 0.661 0.739 0.825 0.919 1.021 1.129 1.239 1.349 1.456 1.557 1.651 1.736 1.813 1.881 1.941 1.993 2.039 2.078 2.11 2.133 2.146 2.148 2.136 2.111 2.072 2.02 1.958 1.888 1.812 1.735 1.657 1.58 1.505 1.432 1.361 1.29 1.22 1.151 1.083 1.018 0.955 0.897 0.844 0.798 0.76 0.729 0.706 0.69 0.681
0.243 0.24 0.233 0.224 0.214 0.205 0.197 0.191 0.188 0.187 0.188 0.191 0.195 0.2 0.206 0.213 0.221 0.232 0.245 0.262 0.282 0.306 0.335 0.368 0.407 0.451 0.502 0.561 0.629 0.707 0.796 0.895 1.004 1.122 1.246 1.374 1.501 1.625 1.743 1.852 1.952 2.041 2.121 2.191 2.253 2.307 2.352 2.389 2.416 2.431 2.433 2.42 2.391 2.348 2.29 2.22 2.142 2.057 1.97 1.883 1.796 1.711 1.628 1.545 1.464 1.382 1.302 1.222 1.145 1.071 1.001 0.938 0.882 0.833 0.793 0.761 0.737 0.72
0.24 0.237 0.23 0.221 0.211 0.202 0.194 0.188 0.185 0.185 0.186 0.19 0.194 0.199 0.205 0.213 0.222 0.233 0.247 0.265 0.287 0.313 0.344 0.38 0.423 0.472 0.53 0.596 0.674 0.763 0.864 0.978 1.103 1.238 1.381 1.527 1.672 1.815 1.95 2.075 2.19 2.293 2.385 2.467 2.538 2.6 2.652 2.694 2.724 2.741 2.742 2.727 2.695 2.646 2.582 2.504 2.417 2.323 2.226 2.128 2.031 1.935 1.84 1.746 1.652 1.558 1.465 1.373 1.283 1.197 1.116 1.041 0.974 0.915 0.865 0.824 0.791 0.766
0.238 0.234 0.228 0.219 0.209 0.2 0.192 0.187 0.184 0.184 0.186 0.19 0.195 0.201 0.208 0.215 0.225 0.237 0.252 0.271 0.295 0.323 0.357 0.397 0.444 0.499 0.564 0.639 0.727 0.828 0.944 1.073 1.215 1.368 1.53 1.695 1.86 2.021 2.174 2.317 2.448 2.566 2.672 2.765 2.847 2.917 2.976 3.022 3.055 3.073 3.073 3.056 3.02 2.965 2.894 2.808 2.712 2.608 2.5 2.391 2.282 2.174 2.067 1.96 1.853 1.746 1.639 1.534 1.431 1.332 1.239 1.153 1.074 1.004 0.944 0.893 0.851 0.817
0.237 0.233 0.227 0.218 0.209 0.2 0.192 0.187 0.185 0.186 0.188 0.193 0.198 0.205 0.212 0.22 0.231 0.244 0.261 0.282 0.307 0.338 0.376 0.42 0.472 0.533 0.605 0.69 0.789 0.903 1.033 1.178 1.338 1.511 1.691 1.876 2.061 2.242 2.414 2.575 2.723 2.857 2.976 3.082 3.175 3.254 3.319 3.37 3.406 3.424 3.424 3.403 3.362 3.302 3.223 3.128 3.022 2.908 2.789 2.667 2.546 2.425 2.304 2.183 2.062 1.941 1.82 1.701 1.586 1.474 1.368 1.27 1.18 1.099 1.028 0.967 0.915 0.872
0.237 0.234 0.227 0.219 0.21 0.201 0.194 0.19 0.188 0.189 0.192 0.197 0.204 0.211 0.219 0.228 0.24 0.254 0.273 0.295 0.324 0.358 0.398 0.447 0.504 0.572 0.653 0.748 0.858 0.986 1.131 1.293 1.471 1.663 1.863 2.068 2.274 2.474 2.666 2.845 3.011 3.161 3.296 3.415 3.519 3.608 3.68 3.736 3.774 3.792 3.79 3.766 3.72 3.652 3.565 3.462 3.345 3.219 3.088 2.953 2.818 2.683 2.547 2.412 2.276 2.14 2.005 1.873 1.743 1.619 1.5 1.39 1.288 1.196 1.114 1.043 0.982 0.931
0.24 0.237 0.231 0.222 0.214 0.205 0.199 0.195 0.194 0.195 0.199 0.204 0.211 0.219 0.228 0.239 0.251 0.268 0.288 0.313 0.344 0.381 0.426 0.479 0.543 0.618 0.707 0.812 0.935 1.076 1.237 1.416 1.612 1.822 2.043 2.268 2.493 2.714 2.925 3.124 3.308 3.476 3.626 3.76 3.875 3.973 4.053 4.114 4.154 4.173 4.169 4.141 4.089 4.014 3.918 3.804 3.676 3.537 3.393 3.244 3.094 2.943 2.792 2.641 2.49 2.339 2.19 2.043 1.901 1.763 1.633 1.51 1.397 1.294 1.201 1.12 1.05 0.99
0.246 0.243 0.237 0.229 0.22 0.213 0.206 0.203 0.202 0.203 0.208 0.214 0.221 0.23 0.24 0.252 0.266 0.284 0.307 0.334 0.368 0.41 0.459 0.518 0.587 0.67 0.769 0.884 1.019 1.174 1.349 1.545 1.759 1.987 2.227 2.471 2.717 2.957 3.188 3.407 3.609 3.795 3.961 4.109 4.237 4.345 4.432 4.498 4.541 4.56 4.553 4.521 4.463 4.38 4.275 4.15 4.009 3.858 3.698 3.535 3.369 3.202 3.035 2.867 2.701 2.535 2.371 2.211 2.054 1.904 1.761 1.627 1.502 1.389 1.286 1.196 1.117 1.048
0.257 0.253 0.247 0.24 0.231 0.223 0.217 0.214 0.213 0.215 0.219 0.226 0.234 0.243 0.254 0.267 0.284 0.304 0.329 0.36 0.397 0.443 0.497 0.561 0.638 0.729 0.836 0.963 1.109 1.277 1.467 1.679 1.909 2.155 2.412 2.675 2.94 3.2 3.45 3.688 3.909 4.112 4.295 4.457 4.597 4.715 4.81 4.881 4.926 4.945 4.937 4.901 4.836 4.745 4.63 4.493 4.34 4.173 3.999 3.819 3.636 3.453 3.269 3.086 2.903 2.722 2.544 2.37 2.201 2.039 1.884 1.738 1.603 1.479 1.367 1.267 1.18 1.104
0.272 0.268 0.263 0.255 0.246 0.239 0.233 0.229 0.228 0.23 0.235 0.241 0.25 0.26 0.272 0.287 0.305 0.327 0.355 0.39 0.431 0.481 0.541 0.611 0.695 0.794 0.911 1.048 1.206 1.386 1.59 1.815 2.06 2.322 2.595 2.876 3.158 3.436 3.705 3.961 4.2 4.42 4.618 4.794 4.946 5.074 5.176 5.252 5.301 5.321 5.311 5.271 5.2 5.101 4.975 4.826 4.659 4.478 4.287 4.091 3.891 3.691 3.49 3.291 3.094 2.899 2.707 2.52 2.339 2.164 1.998 1.841 1.696 1.562 1.441 1.333 1.238 1.155
0.292 0.289 0.283 0.275 0.267 0.259 0.253 0.249 0.248 0.249 0.254 0.261 0.269 0.28 0.294 0.31 0.33 0.355 0.386 0.424 0.47 0.525 0.59 0.668 0.759 0.866 0.992 1.139 1.307 1.499 1.715 1.953 2.211 2.486 2.774 3.07 3.368 3.662 3.948 4.221 4.476 4.711 4.923 5.111 5.274 5.411 5.521 5.603 5.655 5.676 5.665 5.621 5.545 5.438 5.302 5.141 4.96 4.764 4.557 4.344 4.128 3.911 3.695 3.481 3.269 3.06 2.856 2.657 2.464 2.278 2.101 1.934 1.779 1.637 1.508 1.392 1.29 1.2
0.317 0.314 0.308 0.301 0.292 0.284 0.278 0.274 0.272 0.274 0.278 0.284 0.293 0.305 0.32 0.337 0.36 0.388 0.422 0.464 0.514 0.574 0.646 0.73 0.829 0.944 1.079 1.235 1.413 1.615 1.841 2.09 2.359 2.645 2.945 3.254 3.565 3.873 4.173 4.46 4.729 4.977 5.201 5.4 5.572 5.717 5.834 5.921 5.977 6 5.989 5.943 5.862 5.747 5.602 5.43 5.236 5.025 4.803 4.575 4.343 4.11 3.879 3.651 3.426 3.205 2.989 2.779 2.575 2.379 2.193 2.017 1.853 1.702 1.566 1.444 1.335 1.24
0.348 0.345 0.34 0.332 0.323 0.315 0.309 0.304 0.302 0.303 0.307 0.313 0.322 0.335 0.35 0.37 0.394 0.425 0.463 0.508 0.563 0.629 0.707 0.798 0.904 1.028 1.171 1.335 1.522 1.733 1.967 2.224 2.502 2.797 3.106 3.424 3.746 4.065 4.376 4.674 4.953 5.211 5.445 5.652 5.832 5.984 6.106 6.198 6.258 6.284 6.273 6.226 6.141 6.02 5.867 5.685 5.479 5.256 5.02 4.777 4.531 4.285 4.041 3.8 3.563 3.332 3.106 2.886 2.673 2.468 2.272 2.088 1.916 1.759 1.616 1.488 1.374 1.273
0.384 0.381 0.376 0.368 0.36 0.352 0.345 0.34 0.337 0.338 0.341 0.347 0.356 0.369 0.386 0.407 0.434 0.467 0.508 0.558 0.618 0.689 0.773 0.87 0.984 1.115 1.266 1.438 1.633 1.851 2.092 2.355 2.638 2.94 3.255 3.58 3.908 4.234 4.553 4.858 5.144 5.409 5.649 5.862 6.047 6.204 6.332 6.428 6.492 6.52 6.511 6.463 6.376 6.251 6.091 5.901 5.686 5.452 5.205 4.95 4.692 4.434 4.179 3.928 3.681 3.44 3.205 2.977 2.756 2.543 2.34 2.149 1.971 1.807 1.658 1.525 1.406 1.3
0.425 0.422 0.417 0.41 0.402 0.394 0.387 0.381 0.378 0.378 0.38 0.386 0.395 0.409 0.426 0.449 0.478 0.515 0.559 0.613 0.677 0.754 0.843 0.946 1.066 1.204 1.362 1.541 1.742 1.966 2.212 2.479 2.767 3.072 3.39 3.718 4.05 4.38 4.701 5.01 5.299 5.567 5.81 6.026 6.214 6.375 6.506 6.606 6.673 6.705 6.698 6.651 6.563 6.435 6.272 6.076 5.854 5.612 5.356 5.092 4.825 4.558 4.293 4.033 3.779 3.531 3.288 3.053 2.825 2.606 2.397 2.2 2.017 1.848 1.694 1.556 1.432 1.322
0.468 0.466 0.461 0.455 0.447 0.44 0.433 0.427 0.423 0.422 0.424 0.43 0.439 0.453 0.471 0.496 0.527 0.566 0.614 0.672 0.74 0.821 0.916 1.025 1.151 1.294 1.458 1.643 1.849 2.077 2.326 2.597 2.886 3.192 3.511 3.839 4.17 4.5 4.821 5.128 5.417 5.684 5.927 6.143 6.333 6.495 6.628 6.732 6.802 6.837 6.832 6.786 6.699 6.571 6.405 6.207 5.981 5.734 5.473 5.203 4.929 4.656 4.385 4.119 3.858 3.604 3.356 3.115 2.882 2.658 2.445 2.243 2.055 1.882 1.724 1.582 1.455 1.34
0.514 0.512 0.508 0.502 0.496 0.489 0.482 0.476 0.472 0.47 0.472 0.477 0.486 0.5 0.52 0.546 0.579 0.621 0.672 0.733 0.806 0.891 0.99 1.104 1.234 1.383 1.551 1.74 1.95 2.181 2.433 2.704 2.994 3.299 3.616 3.941 4.269 4.595 4.911 5.214 5.499 5.762 6.002 6.216 6.404 6.566 6.701 6.806 6.879 6.916 6.914 6.871 6.785 6.658 6.493 6.295 6.068 5.82 5.557 5.284 5.007 4.73 4.455 4.184 3.919 3.66 3.409 3.164 2.927 2.7 2.483 2.278 2.087 1.911 1.75 1.604 1.473 1.355
0.561 0.559 0.556 0.551 0.545 0.539 0.533 0.527 0.523 0.521 0.521 0.526 0.535 0.55 0.57 0.598 0.633 0.678 0.732 0.796 0.872 0.961 1.063 1.181 1.316 1.468 1.64 1.832 2.045 2.278 2.53 2.802 3.09 3.392 3.705 4.025 4.347 4.665 4.974 5.269 5.547 5.803 6.037 6.247 6.432 6.593 6.727 6.833 6.907 6.946 6.946 6.905 6.822 6.699 6.536 6.341 6.117 5.87 5.608 5.336 5.059 4.78 4.504 4.231 3.963 3.702 3.447 3.2 2.961 2.732 2.512 2.306 2.112 1.934 1.77 1.622 1.487 1.366
0.607 0.606 0.603 0.6 0.595 0.589 0.583 0.578 0.573 0.571 0.571 0.576 0.585 0.6 0.621 0.651 0.688 0.735 0.791 0.859 0.938 1.029 1.135 1.255 1.393 1.548 1.723 1.917 2.131 2.365 2.617 2.887 3.172 3.47 3.778 4.09 4.404 4.712 5.011 5.296 5.563 5.811 6.037 6.241 6.422 6.579 6.712 6.817 6.891 6.93 6.932 6.894 6.814 6.695 6.537 6.347 6.128 5.887 5.63 5.361 5.086 4.809 4.533 4.259 3.991 3.729 3.473 3.225 2.985 2.754 2.534 2.326 2.131 1.951 1.785 1.635 1.498 1.375
0.651 0.65 0.648 0.645 0.641 0.637 0.631 0.626 0.622 0.62 0.62 0.624 0.634 0.649 0.672 0.702 0.742 0.79 0.849 0.919 1 1.094 1.202 1.324 1.464 1.621 1.797 1.993 2.207 2.441 2.692 2.959 3.24 3.533 3.833 4.137 4.44 4.737 5.024 5.297 5.552 5.789 6.006 6.203 6.378 6.531 6.66 6.763 6.835 6.874 6.877 6.841 6.765 6.65 6.499 6.316 6.105 5.872 5.622 5.359 5.089 4.816 4.542 4.271 4.003 3.741 3.486 3.237 2.998 2.767 2.547 2.339 2.144 1.962 1.796 1.643 1.505 1.38
