DCGAN/plot/SedofBasin_0513.grd
DSAA
100 100
0 40
0 40
0.129 9.622
[rows 34 to 67 of 100, columns 0 to 77 of 100]
1.975 1.992 2.026 2.073 2.131 2.198 2.268 2.34 2.412 2.481 2.545 2.605 2.659 2.708 2.753 2.794 2.832 2.868 2.902 2.937 2.974 3.013 3.057 3.107 3.162 3.223 3.289 3.359 3.431 3.504 3.575 3.643 3.707 3.765 3.816 3.857 3.887 3.902 3.902 3.885 3.85 3.797 3.728 3.643 3.544 3.433 3.311 3.179 3.039 2.892 2.739 2.581 2.421 2.259 2.099 1.941 1.79 1.647 1.514 1.393 1.284 1.188 1.103 1.03 0.967 0.912 0.864 0.822 0.786 0.756 0.73 0.708 0.691 0.678 0.668 0.66 0.655 0.653
1.945 1.963 1.999 2.05 2.112 2.184 2.261 2.342 2.422 2.501 2.577 2.648 2.714 2.774 2.83 2.88 2.927 2.97 3.011 3.051 3.092 3.135 3.182 3.234 3.291 3.354 3.421 3.491 3.562 3.633 3.702 3.768 3.828 3.883 3.929 3.964 3.988 3.996 3.987 3.96 3.914 3.85 3.768 3.67 3.558 3.432 3.296 3.15 2.997 2.837 2.672 2.503 2.332 2.161 1.991 1.826 1.667 1.518 1.381 1.257 1.147 1.051 0.968 0.897 0.836 0.784 0.74 0.701 0.669 0.641 0.617 0.597 0.581 0.568 0.557 0.549 0.543 0.539
1.916 1.936 1.974 2.029 2.097 2.175 2.26 2.349 2.439 2.529 2.616 2.699 2.777 2.849 2.915 2.975 3.029 3.079 3.126 3.171 3.215 3.262 3.311 3.366 3.425 3.489 3.557 3.627 3.698 3.768 3.835 3.898 3.955 4.006 4.047 4.078 4.094 4.095 4.078 4.041 3.984 3.908 3.814 3.702 3.576 3.436 3.286 3.126 2.959 2.787 2.61 2.431 2.25 2.07 1.892 1.72 1.556 1.403 1.263 1.137 1.026 0.93 0.849 0.78 0.722 0.673 0.632 0.598 0.568 0.543 0.521 0.503 0.487 0.475 0.464 0.455 0.448 0.443
1.889 1.91 1.952 2.011 2.084 2.17 2.263 2.362 2.463 2.564 2.662 2.757 2.847 2.93 3.006 3.075 3.138 3.194 3.247 3.296 3.344 3.393 3.446 3.502 3.563 3.628 3.697 3.768 3.838 3.907 3.973 4.033 4.088 4.134 4.171 4.196 4.206 4.199 4.173 4.126 4.059 3.971 3.864 3.739 3.598 3.445 3.28 3.106 2.927 2.742 2.554 2.365 2.175 1.987 1.803 1.625 1.457 1.3 1.158 1.031 0.92 0.825 0.746 0.679 0.624 0.579 0.541 0.51 0.483 0.46 0.441 0.424 0.409 0.397 0.387 0.378 0.37 0.364
1.864 1.887 1.932 1.996 2.077 2.17 2.273 2.382 2.493 2.606 2.717 2.823 2.924 3.018 3.104 3.182 3.252 3.315 3.373 3.426 3.478 3.531 3.586 3.645 3.708 3.775 3.844 3.915 3.986 4.054 4.117 4.176 4.227 4.269 4.301 4.32 4.323 4.308 4.272 4.215 4.137 4.037 3.917 3.779 3.625 3.457 3.279 3.092 2.899 2.703 2.505 2.306 2.108 1.914 1.724 1.541 1.369 1.21 1.066 0.939 0.829 0.735 0.658 0.594 0.542 0.5 0.465 0.436 0.412 0.392 0.374 0.358 0.345 0.334 0.324 0.315 0.308 0.301
1.845 1.87 1.919 1.989 2.076 2.178 2.29 2.409 2.532 2.656 2.779 2.897 3.009 3.113 3.209 3.295 3.373 3.442 3.505 3.564 3.62 3.676 3.734 3.795 3.861 3.929 4 4.071 4.142 4.208 4.27 4.326 4.374 4.412 4.438 4.45 4.445 4.421 4.375 4.308 4.217 4.106 3.973 3.822 3.655 3.473 3.281 3.081 2.877 2.669 2.461 2.254 2.049 1.849 1.654 1.468 1.293 1.132 0.988 0.861 0.751 0.66 0.584 0.523 0.474 0.434 0.402 0.376 0.354 0.335 0.319 0.306 0.293 0.283 0.273 0.265 0.258 0.252
1.834 1.861 1.914 1.99 2.085 2.195 2.317 2.447 2.581 2.715 2.849 2.977 3.1 3.214 3.318 3.413 3.498 3.575 3.644 3.708 3.769 3.829 3.891 3.955 4.023 4.094 4.166 4.238 4.308 4.373 4.433 4.485 4.529 4.561 4.581 4.585 4.571 4.537 4.481 4.402 4.3 4.176 4.031 3.867 3.687 3.492 3.288 3.075 2.859 2.641 2.424 2.209 1.998 1.792 1.594 1.405 1.228 1.067 0.922 0.795 0.687 0.597 0.524 0.465 0.418 0.38 0.351 0.327 0.307 0.29 0.276 0.263 0.252 0.243 0.234 0.227 0.22 0.214
1.836 1.865 1.922 2.004 2.106 2.225 2.356 2.495 2.639 2.784 2.927 3.065 3.197 3.32 3.433 3.536 3.629 3.713 3.789 3.859 3.926 3.991 4.058 4.126 4.197 4.27 4.343 4.415 4.485 4.549 4.606 4.654 4.692 4.718 4.73 4.725 4.701 4.656 4.588 4.497 4.383 4.246 4.089 3.913 3.72 3.513 3.296 3.072 2.845 2.618 2.392 2.171 1.954 1.744 1.542 1.351 1.174 1.012 0.867 0.741 0.635 0.546 0.475 0.418 0.373 0.337 0.31 0.288 0.27 0.255 0.242 0.231 0.221 0.212 0.205 0.198 0.192 0.186
1.855 1.886 1.947 2.033 2.142 2.268 2.408 2.555 2.708 2.862 3.013 3.16 3.3 3.432 3.553 3.664 3.765 3.857 3.941 4.018 4.091 4.163 4.234 4.307 4.381 4.456 4.531 4.604 4.672 4.734 4.788 4.832 4.863 4.881 4.884 4.868 4.832 4.775 4.694 4.591 4.464 4.314 4.145 3.956 3.751 3.533 3.305 3.071 2.834 2.598 2.366 2.138 1.916 1.703 1.499 1.307 1.129 0.967 0.823 0.699 0.594 0.507 0.437 0.381 0.338 0.304 0.278 0.257 0.241 0.227 0.216 0.206 0.198 0.19 0.183 0.177 0.171 0.166
1.895 1.928 1.991 2.082 2.196 2.329 2.475 2.63 2.789 2.95 3.109 3.263 3.41 3.548 3.678 3.797 3.906 4.006 4.098 4.183 4.264 4.342 4.419 4.497 4.575 4.653 4.729 4.802 4.87 4.929 4.979 5.016 5.04 5.049 5.04 5.012 4.963 4.892 4.798 4.68 4.54 4.378 4.196 3.995 3.779 3.551 3.313 3.069 2.825 2.581 2.342 2.11 1.885 1.669 1.463 1.271 1.093 0.932 0.79 0.666 0.563 0.477 0.409 0.354 0.312 0.28 0.255 0.235 0.22 0.208 0.198 0.189 0.181 0.174 0.168 0.162 0.157 0.152
1.959 1.993 2.058 2.153 2.271 2.408 2.558 2.718 2.883 3.049 3.213 3.372 3.525 3.671 3.807 3.934 4.051 4.16 4.261 4.355 4.443 4.529 4.612 4.695 4.777 4.858 4.936 5.009 5.075 5.132 5.176 5.207 5.222 5.219 5.198 5.156 5.092 5.005 4.896 4.763 4.609 4.434 4.24 4.029 3.803 3.564 3.318 3.067 2.815 2.566 2.322 2.085 1.858 1.64 1.434 1.242 1.065 0.905 0.765 0.643 0.541 0.457 0.389 0.336 0.295 0.263 0.239 0.221 0.206 0.195 0.186 0.178 0.171 0.165 0.159 0.154 0.149 0.144
2.049 2.084 2.151 2.246 2.367 2.506 2.66 2.822 2.99 3.159 3.326 3.49 3.648 3.798 3.941 4.076 4.201 4.319 4.428 4.531 4.628 4.721 4.811 4.899 4.985 5.069 5.149 5.222 5.287 5.34 5.379 5.401 5.405 5.39 5.354 5.296 5.216 5.112 4.987 4.839 4.671 4.483 4.277 4.055 3.819 3.573 3.319 3.061 2.804 2.551 2.303 2.064 1.835 1.617 1.411 1.22 1.044 0.887 0.748 0.628 0.528 0.445 0.379 0.326 0.286 0.254 0.231 0.213 0.199 0.188 0.179 0.172 0.166 0.16 0.155 0.149 0.145 0.14
2.167 2.202 2.269 2.365 2.485 2.625 2.779 2.942 3.11 3.28 3.449 3.616 3.777 3.933 4.081 4.223 4.357 4.483 4.601 4.712 4.818 4.918 5.014 5.108 5.199 5.285 5.367 5.44 5.503 5.551 5.584 5.597 5.589 5.56 5.507 5.432 5.334 5.213 5.07 4.906 4.724 4.523 4.306 4.074 3.83 3.576 3.316 3.054 2.793 2.536 2.286 2.046 1.816 1.598 1.394 1.204 1.03 0.875 0.738 0.62 0.521 0.44 0.375 0.323 0.283 0.252 0.228 0.211 0.197 0.187 0.178 0.171 0.165 0.159 0.154 0.149 0.144 0.14
2.313 2.347 2.413 2.507 2.626 2.764 2.915 3.077 3.244 3.413 3.583 3.751 3.915 4.074 4.228 4.376 4.517 4.651 4.778 4.898 5.011 5.119 5.222 5.321 5.416 5.506 5.588 5.662 5.722 5.765 5.79 5.793 5.772 5.727 5.657 5.563 5.445 5.306 5.145 4.966 4.769 4.555 4.327 4.087 3.835 3.575 3.31 3.044 2.78 2.522 2.272 2.031 1.801 1.584 1.381 1.193 1.022 0.869 0.734 0.619 0.522 0.442 0.377 0.326 0.286 0.255 0.231 0.214 0.2 0.19 0.181 0.174 0.168 0.163 0.157 0.152 0.147 0.142
2.486 2.518 2.582 2.673 2.788 2.921 3.069 3.227 3.391 3.558 3.727 3.895 4.061 4.224 4.382 4.536 4.684 4.826 4.96 5.088 5.208 5.323 5.433 5.537 5.636 5.729 5.814 5.886 5.943 5.981 5.997 5.988 5.953 5.891 5.802 5.689 5.552 5.393 5.215 5.019 4.808 4.582 4.344 4.095 3.836 3.571 3.303 3.034 2.769 2.51 2.259 2.019 1.791 1.575 1.374 1.188 1.019 0.868 0.736 0.622 0.527 0.448 0.384 0.333 0.293 0.263 0.239 0.221 0.207 0.196 0.188 0.181 0.174 0.169 0.163 0.157 0.152 0.147
2.682 2.713 2.773 2.86 2.969 3.096 3.238 3.391 3.55 3.715 3.881 4.049 4.216 4.382 4.545 4.704 4.858 5.006 5.148 5.283 5.411 5.532 5.648 5.758 5.862 5.958 6.043 6.115 6.168 6.199 6.205 6.183 6.132 6.052 5.945 5.811 5.654 5.476 5.28 5.068 4.843 4.605 4.358 4.101 3.836 3.567 3.295 3.025 2.759 2.5 2.25 2.011 1.784 1.571 1.371 1.188 1.021 0.872 0.742 0.63 0.536 0.458 0.395 0.345 0.305 0.274 0.25 0.232 0.217 0.206 0.197 0.19 0.183 0.177 0.171 0.165 0.159 0.154
2.899 2.928 2.983 3.064 3.166 3.286 3.421 3.566 3.72 3.881 4.045 4.213 4.381 4.549 4.715 4.879 5.039 5.193 5.342 5.484 5.619 5.747 5.87 5.985 6.094 6.193 6.279 6.349 6.397 6.421 6.415 6.379 6.312 6.213 6.085 5.931 5.754 5.557 5.343 5.115 4.877 4.628 4.371 4.106 3.837 3.564 3.29 3.019 2.753 2.494 2.246 2.008 1.783 1.571 1.373 1.191 1.027 0.88 0.751 0.641 0.548 0.471 0.409 0.359 0.319 0.288 0.264 0.245 0.23 0.219 0.209 0.201 0.194 0.187 0.181 0.174 0.168 0.163
3.131 3.157 3.207 3.281 3.375 3.487 3.613 3.751 3.899 4.056 4.218 4.384 4.554 4.724 4.894 5.062 5.227 5.388 5.543 5.692 5.835 5.971 6.1 6.222 6.335 6.437 6.523 6.59 6.633 6.647 6.63 6.579 6.493 6.375 6.227 6.052 5.855 5.638 5.407 5.164 4.912 4.652 4.386 4.115 3.84 3.564 3.288 3.016 2.75 2.493 2.246 2.009 1.786 1.575 1.379 1.199 1.036 0.89 0.763 0.654 0.562 0.486 0.424 0.374 0.335 0.304 0.279 0.26 0.245 0.233 0.223 0.214 0.207 0.199 0.192 0.185 0.179 0.173
3.371 3.394 3.44 3.506 3.591 3.694 3.811 3.942 4.085 4.237 4.397 4.563 4.733 4.906 5.08 5.253 5.424 5.591 5.753 5.91 6.06 6.204 6.341 6.47 6.588 6.692 6.778 6.842 6.878 6.882 6.85 6.783 6.679 6.541 6.372 6.177 5.959 5.724 5.475 5.217 4.951 4.68 4.405 4.127 3.848 3.568 3.291 3.019 2.753 2.497 2.25 2.015 1.793 1.584 1.389 1.21 1.048 0.903 0.777 0.669 0.578 0.502 0.441 0.391 0.352 0.321 0.297 0.277 0.262 0.249 0.239 0.23 0.221 0.213 0.205 0.198 0.191 0.185
3.614 3.634 3.674 3.733 3.809 3.903 4.012 4.136 4.272 4.421 4.579 4.746 4.918 5.094 5.273 5.451 5.628 5.802 5.972 6.137 6.296 6.45 6.595 6.731 6.854 6.96 7.046 7.105 7.133 7.125 7.079 6.994 6.871 6.713 6.523 6.307 6.069 5.815 5.549 5.275 4.995 4.713 4.429 4.144 3.86 3.578 3.299 3.026 2.761 2.505 2.26 2.026 1.804 1.596 1.402 1.224 1.062 0.918 0.793 0.685 0.594 0.519 0.458 0.409 0.37 0.339 0.315 0.296 0.28 0.267 0.256 0.246 0.237 0.229 0.221 0.213 0.206 0.199
3.853 3.87 3.904 3.955 4.024 4.108 4.21 4.327 4.459 4.605 4.763 4.931 5.106 5.286 5.469 5.653 5.837 6.019 6.199 6.374 6.544 6.707 6.862 7.005 7.133 7.242 7.326 7.379 7.397 7.377 7.316 7.213 7.071 6.892 6.681 6.444 6.186 5.913 5.629 5.339 5.046 4.752 4.458 4.167 3.878 3.592 3.312 3.038 2.773 2.517 2.273 2.039 1.819 1.611 1.417 1.24 1.078 0.935 0.81 0.702 0.611 0.537 0.476 0.427 0.389 0.359 0.335 0.316 0.3 0.287 0.276 0.266 0.256 0.247 0.238 0.23 0.223 0.216
4.081 4.095 4.124 4.168 4.229 4.306 4.4 4.512 4.641 4.785 4.944 5.113 5.292 5.477 5.667 5.858 6.051 6.243 6.433 6.62 6.801 6.976 7.14 7.291 7.424 7.534 7.615 7.662 7.67 7.636 7.558 7.437 7.275 7.076 6.845 6.587 6.309 6.016 5.714 5.408 5.101 4.795 4.492 4.193 3.899 3.61 3.328 3.053 2.788 2.532 2.288 2.055 1.835 1.628 1.435 1.257 1.096 0.953 0.827 0.72 0.629 0.555 0.495 0.446 0.408 0.379 0.355 0.337 0.322 0.309 0.297 0.287 0.277 0.268 0.259 0.251 0.243 0.236
4.292 4.304 4.328 4.366 4.42 4.49 4.579 4.687 4.813 4.958 5.118 5.291 5.474 5.666 5.862 6.063 6.265 6.469 6.671 6.871 7.065 7.252 7.427 7.585 7.722 7.832 7.909 7.948 7.944 7.896 7.802 7.663 7.481 7.262 7.01 6.732 6.434 6.123 5.803 5.481 5.159 4.841 4.528 4.222 3.922 3.63 3.345 3.07 2.804 2.549 2.305 2.072 1.852 1.645 1.452 1.275 1.115 0.971 0.846 0.739 0.648 0.574 0.514 0.466 0.429 0.4 0.377 0.359 0.344 0.332 0.321 0.31 0.301 0.291 0.282 0.274 0.266 0.259
4.483 4.492 4.512 4.545 4.592 4.657 4.742 4.847 4.973 5.119 5.282 5.459 5.649 5.848 6.053 6.264 6.477 6.693 6.909 7.123 7.331 7.53 7.714 7.879 8.019 8.128 8.199 8.229 8.214 8.151 8.04 7.883 7.683 7.444 7.173 6.875 6.558 6.228 5.891 5.552 5.216 4.886 4.564 4.25 3.945 3.649 3.363 3.086 2.82 2.564 2.32 2.088 1.868 1.662 1.47 1.293 1.133 0.99 0.865 0.758 0.668 0.594 0.534 0.487 0.45 0.422 0.4 0.383 0.369 0.357 0.346 0.336 0.326 0.317 0.309 0.301 0.293 0.286
4.648 4.656 4.672 4.7 4.743 4.804 4.886 4.99 5.117 5.265 5.432 5.616 5.812 6.019 6.235 6.456 6.683 6.913 7.143 7.371 7.593 7.803 7.996 8.166 8.307 8.413 8.478 8.498 8.47 8.392 8.265 8.09 7.872 7.615 7.326 7.01 6.674 6.327 5.973 5.619 5.269 4.927 4.596 4.275 3.965 3.666 3.377 3.099 2.832 2.577 2.333 2.102 1.883 1.677 1.486 1.311 1.151 1.009 0.885 0.778 0.688 0.615 0.555 0.509 0.473 0.445 0.424 0.407 0.394 0.383 0.372 0.363 0.354 0.345 0.337 0.33 0.322 0.316
4.786 4.792 4.806 4.83 4.87 4.928 5.009 5.113 5.242 5.394 5.567 5.757 5.961 6.178 6.404 6.638 6.878 7.122 7.367 7.609 7.843 8.063 8.263 8.436 8.577 8.678 8.735 8.744 8.703 8.61 8.468 8.277 8.042 7.769 7.462 7.13 6.777 6.413 6.044 5.675 5.313 4.961 4.621 4.293 3.979 3.676 3.386 3.107 2.84 2.585 2.342 2.111 1.894 1.69 1.5 1.326 1.168 1.027 0.904 0.798 0.709 0.636 0.577 0.531 0.496 0.469 0.448 0.433 0.42 0.409 0.4 0.391 0.383 0.375 0.367 0.361 0.354 0.348
4.894 4.899 4.911 4.933 4.971 5.028 5.109 5.215 5.348 5.504 5.683 5.881 6.094 6.32 6.558 6.804 7.058 7.316 7.575 7.83 8.075 8.303 8.508 8.682 8.82 8.915 8.963 8.96 8.906 8.799 8.642 8.437 8.187 7.899 7.577 7.23 6.862 6.483 6.1 5.719 5.345 4.984 4.636 4.303 3.985 3.68 3.388 3.109 2.842 2.587 2.345 2.116 1.9 1.698 1.511 1.339 1.183 1.044 0.922 0.817 0.729 0.657 0.599 0.553 0.518 0.492 0.472 0.457 0.445 0.436 0.427 0.419 0.412 0.405 0.398 0.393 0.387 0.382
4.973 4.977 4.988 5.01 5.047 5.105 5.187 5.297 5.433 5.596 5.781 5.987 6.209 6.446 6.695 6.954 7.22 7.492 7.763 8.029 8.283 8.517 8.724 8.897 9.03 9.117 9.155 9.141 9.074 8.955 8.784 8.566 8.303 8.002 7.668 7.307 6.926 6.535 6.139 5.747 5.364 4.994 4.641 4.303 3.982 3.675 3.382 3.103 2.836 2.582 2.342 2.115 1.901 1.702 1.518 1.348 1.195 1.058 0.938 0.835 0.748 0.677 0.62 0.575 0.541 0.515 0.496 0.481 0.47 0.461 0.453 0.446 0.44 0.434 0.429 0.425 0.421 0.417
5.023 5.028 5.038 5.06 5.099 5.159 5.244 5.358 5.5 5.669 5.862 6.075 6.307 6.553 6.813 7.084 7.363 7.646 7.928 8.203 8.463 8.7 8.907 9.077 9.204 9.282 9.31 9.285 9.206 9.075 8.893 8.663 8.39 8.078 7.732 7.36 6.969 6.566 6.161 5.759 5.369 4.993 4.635 4.294 3.97 3.662 3.369 3.089 2.823 2.571 2.332 2.107 1.897 1.701 1.52 1.354 1.203 1.069 0.952 0.851 0.766 0.696 0.639 0.595 0.562 0.537 0.518 0.504 0.493 0.485 0.478 0.472 0.467 0.463 0.459 0.457 0.454 0.452
5.047 5.052 5.064 5.088 5.129 5.193 5.283 5.402 5.551 5.726 5.926 6.148 6.388 6.644 6.914 7.196 7.485 7.778 8.068 8.349 8.613 8.851 9.056 9.221 9.34 9.41 9.427 9.391 9.302 9.161 8.969 8.731 8.448 8.127 7.773 7.392 6.992 6.58 6.167 5.758 5.361 4.981 4.619 4.276 3.951 3.642 3.348 3.069 2.803 2.552 2.316 2.094 1.886 1.694 1.517 1.354 1.208 1.077 0.963 0.864 0.781 0.712 0.657 0.614 0.581 0.556 0.538 0.524 0.514 0.507 0.501 0.496 0.493 0.49 0.488 0.487 0.487 0.487
5.048 5.054 5.068 5.095 5.141 5.21 5.306 5.432 5.587 5.77 5.977 6.207 6.455 6.72 6.999 7.29 7.588 7.888 8.185 8.469 8.734 8.97 9.171 9.33 9.442 9.503 9.511 9.466 9.368 9.218 9.019 8.773 8.484 8.156 7.794 7.406 6.998 6.58 6.16 5.746 5.345 4.961 4.596 4.252 3.925 3.616 3.322 3.042 2.778 2.528 2.293 2.074 1.87 1.682 1.509 1.351 1.208 1.081 0.97 0.874 0.793 0.727 0.673 0.631 0.598 0.574 0.556 0.543 0.533 0.527 0.522 0.518 0.516 0.515 0.516 0.517 0.519 0.521
5.029 5.037 5.054 5.086 5.138 5.213 5.317 5.45 5.613 5.803 6.018 6.255 6.511 6.784 7.071 7.37 7.674 7.98 8.279 8.565 8.829 9.062 9.257 9.409 9.513 9.565 9.565 9.512 9.407 9.251 9.046 8.795 8.501 8.167 7.8 7.406 6.993 6.569 6.144 5.726 5.321 4.935 4.568 4.222 3.895 3.585 3.29 3.011 2.747 2.498 2.266 2.05 1.85 1.665 1.497 1.343 1.205 1.082 0.974 0.882 0.803 0.739 0.686 0.645 0.613 0.59 0.572 0.559 0.55 0.544 0.54 0.538 0.538 0.539 0.541 0.544 0.549 0.554
4.993 5.003 5.025 5.063 5.122 5.206 5.318 5.46 5.631 5.829 6.051 6.295 6.559 6.839 7.133 7.437 7.746 8.055 8.356 8.641 8.901 9.129 9.318 9.462 9.558 9.603 9.596 9.537 9.427 9.266 9.057 8.802 8.504 8.167 7.796 7.397 6.98 6.551 6.122 5.701 5.293 4.905 4.537 4.19 3.861 3.55 3.255 2.975 2.711 2.464 2.234 2.021 1.824 1.645 1.481 1.332 1.199 1.08 0.976 0.887 0.811 0.749 0.698 0.658 0.627 0.603 0.586 0.574 0.565 0.56 0.557 0.557 0.558 0.56 0.564 0.57 0.576 0.584
4.942 4.955 4.982 5.027 5.095 5.188 5.31 5.462 5.641 5.848 6.078 6.33 6.6 6.886 7.185 7.494 7.807 8.117 8.417 8.699 8.954 9.176 9.358 9.495 9.584 9.622 9.609 9.545 9.43 9.267 9.055 8.798 8.498 8.158 7.784 7.382 6.961 6.529 6.097 5.672 5.263 4.872 4.503 4.154 3.824 3.511 3.215 2.935 2.672 2.426 2.197 1.988 1.795 1.62 1.461 1.318 1.19 1.076 0.976 0.89 0.817 0.757 0.707 0.668 0.638 0.615 0.598 0.586 0.578 0.574 0.572 0.572 0.575 0.579 0.585 0.592 0.601 0.611
