DCGAN/plot/SedofBasin_0510.grd
DSAA
100 100
0 40
0 40
0 4.497
[rows 0 to 33 of 100, columns 0 to 77 of 100]
1.237 1.229 1.212 1.186 1.152 1.11 1.061 1.006 0.945 0.881 0.812 0.741 0.668 0.594 0.52 0.444 0.37 0.298 0.23 0.171 0.122 0.081 0.05 0.029 0.017 0.011 0.011 0.013 0.017 0.021 0.026 0.032 0.038 0.045 0.051 0.056 0.061 0.063 0.065 0.065 0.063 0.059 0.054 0.049 0.043 0.037 0.03 0.025 0.019 0.015 0.011 0.008 0.006 0.004 0.003 0.002 0.002 0.002 0.002 0.002 0.002 0.002 0.001 0.001 0.001 0.001 0.001 0.001 0.001 0.001 0.001 0 0 0 0 0 0 0
1.254 1.246 1.229 1.202 1.166 1.123 1.072 1.016 0.954 0.887 0.816 0.744 0.67 0.594 0.519 0.442 0.368 0.295 0.228 0.169 0.119 0.079 0.051 0.03 0.019 0.015 0.015 0.019 0.024 0.031 0.039 0.048 0.058 0.067 0.076 0.084 0.09 0.095 0.097 0.096 0.093 0.088 0.081 0.072 0.063 0.054 0.045 0.036 0.029 0.023 0.017 0.013 0.009 0.006 0.005 0.004 0.003 0.003 0.003 0.003 0.003 0.003 0.003 0.003 0.002 0.002 0.002 0.002 0.002 0.001 0.001 0.001 0.001 0 0 0 0 0
1.293 1.284 1.264 1.235 1.197 1.151 1.098 1.038 0.973 0.902 0.828 0.752 0.674 0.596 0.518 0.44 0.364 0.291 0.224 0.165 0.117 0.078 0.05 0.032 0.021 0.018 0.022 0.027 0.035 0.046 0.057 0.07 0.084 0.097 0.11 0.122 0.131 0.137 0.141 0.14 0.135 0.128 0.118 0.106 0.092 0.079 0.065 0.053 0.042 0.032 0.025 0.019 0.014 0.01 0.007 0.006 0.005 0.005 0.005 0.005 0.005 0.005 0.005 0.005 0.004 0.004 0.004 0.003 0.003 0.002 0.002 0.001 0.001 0.001 0.001 0 0 0
1.347 1.337 1.315 1.281 1.24 1.19 1.134 1.071 1.002 0.926 0.847 0.766 0.684 0.603 0.522 0.442 0.365 0.292 0.223 0.164 0.116 0.079 0.051 0.034 0.026 0.024 0.029 0.038 0.05 0.064 0.081 0.099 0.119 0.138 0.157 0.172 0.186 0.195 0.199 0.198 0.192 0.181 0.167 0.15 0.131 0.112 0.092 0.075 0.059 0.046 0.035 0.026 0.02 0.015 0.012 0.01 0.009 0.008 0.008 0.008 0.008 0.008 0.008 0.008 0.007 0.007 0.006 0.005 0.005 0.004 0.003 0.002 0.002 0.001 0.001 0.001 0.001 0
1.41 1.399 1.375 1.339 1.293 1.241 1.18 1.112 1.039 0.959 0.875 0.79 0.703 0.618 0.535 0.452 0.373 0.298 0.23 0.17 0.121 0.083 0.056 0.039 0.032 0.033 0.041 0.053 0.069 0.089 0.111 0.137 0.163 0.191 0.216 0.238 0.257 0.269 0.275 0.274 0.266 0.252 0.232 0.208 0.181 0.156 0.13 0.106 0.084 0.066 0.05 0.038 0.029 0.023 0.017 0.015 0.014 0.013 0.013 0.013 0.013 0.014 0.013 0.013 0.013 0.011 0.01 0.009 0.008 0.006 0.005 0.004 0.003 0.002 0.002 0.001 0.001 0.001
1.483 1.47 1.442 1.403 1.355 1.298 1.233 1.163 1.085 1.001 0.913 0.823 0.734 0.645 0.558 0.474 0.393 0.316 0.247 0.185 0.135 0.096 0.068 0.05 0.043 0.046 0.056 0.071 0.093 0.119 0.15 0.184 0.219 0.256 0.29 0.32 0.345 0.362 0.37 0.369 0.358 0.339 0.313 0.282 0.247 0.213 0.178 0.146 0.117 0.091 0.071 0.054 0.042 0.033 0.026 0.023 0.021 0.02 0.021 0.021 0.022 0.022 0.022 0.022 0.021 0.019 0.018 0.016 0.013 0.01 0.009 0.007 0.005 0.004 0.003 0.002 0.001 0.001
1.56 1.546 1.517 1.474 1.422 1.362 1.295 1.22 1.138 1.052 0.96 0.867 0.775 0.683 0.593 0.507 0.425 0.346 0.275 0.213 0.16 0.118 0.088 0.069 0.062 0.064 0.076 0.096 0.124 0.157 0.198 0.241 0.288 0.335 0.38 0.421 0.452 0.475 0.486 0.485 0.471 0.448 0.415 0.375 0.331 0.286 0.241 0.199 0.161 0.128 0.101 0.078 0.06 0.048 0.039 0.034 0.032 0.032 0.032 0.033 0.035 0.035 0.035 0.035 0.033 0.03 0.027 0.024 0.021 0.018 0.014 0.011 0.008 0.006 0.005 0.003 0.002 0.002
1.643 1.629 1.597 1.551 1.496 1.433 1.362 1.285 1.2 1.11 1.017 0.922 0.827 0.733 0.642 0.554 0.47 0.391 0.318 0.253 0.199 0.155 0.122 0.1 0.089 0.092 0.104 0.127 0.16 0.203 0.254 0.31 0.37 0.429 0.487 0.538 0.58 0.609 0.623 0.623 0.608 0.578 0.538 0.489 0.435 0.379 0.323 0.271 0.222 0.18 0.143 0.112 0.087 0.069 0.057 0.051 0.048 0.048 0.05 0.051 0.053 0.054 0.054 0.053 0.051 0.046 0.042 0.038 0.032 0.027 0.022 0.018 0.014 0.01 0.007 0.005 0.004 0.002
1.731 1.715 1.682 1.634 1.576 1.509 1.435 1.355 1.268 1.177 1.082 0.985 0.89 0.796 0.703 0.615 0.529 0.449 0.375 0.309 0.253 0.206 0.17 0.145 0.132 0.131 0.143 0.168 0.207 0.258 0.32 0.39 0.464 0.539 0.611 0.675 0.728 0.765 0.784 0.785 0.768 0.735 0.687 0.629 0.565 0.497 0.429 0.365 0.304 0.25 0.201 0.16 0.127 0.101 0.084 0.075 0.072 0.072 0.074 0.077 0.08 0.082 0.082 0.08 0.076 0.071 0.064 0.056 0.048 0.041 0.033 0.026 0.02 0.016 0.011 0.008 0.005 0.004
1.823 1.807 1.772 1.721 1.661 1.591 1.514 1.431 1.343 1.249 1.155 1.058 0.963 0.869 0.777 0.689 0.603 0.522 0.447 0.381 0.323 0.275 0.237 0.209 0.192 0.187 0.197 0.223 0.266 0.327 0.4 0.485 0.576 0.669 0.757 0.837 0.902 0.948 0.973 0.977 0.959 0.921 0.866 0.799 0.723 0.644 0.563 0.485 0.411 0.342 0.28 0.226 0.18 0.145 0.122 0.109 0.104 0.104 0.109 0.114 0.117 0.12 0.121 0.118 0.112 0.104 0.094 0.083 0.071 0.06 0.049 0.039 0.03 0.023 0.017 0.012 0.008 0.005
1.92 1.903 1.866 1.814 1.75 1.677 1.598 1.512 1.421 1.327 1.231 1.136 1.042 0.95 0.862 0.775 0.692 0.611 0.536 0.469 0.412 0.364 0.324 0.294 0.273 0.265 0.272 0.3 0.347 0.416 0.501 0.601 0.71 0.822 0.93 1.027 1.107 1.165 1.198 1.204 1.185 1.142 1.08 1.003 0.916 0.824 0.729 0.635 0.545 0.461 0.382 0.312 0.252 0.206 0.175 0.157 0.15 0.151 0.156 0.163 0.169 0.172 0.173 0.168 0.161 0.149 0.135 0.119 0.102 0.086 0.07 0.056 0.043 0.033 0.024 0.017 0.012 0.008
2.021 2.002 1.964 1.909 1.843 1.767 1.685 1.597 1.504 1.407 1.31 1.215 1.124 1.039 0.956 0.875 0.794 0.716 0.641 0.576 0.519 0.471 0.431 0.4 0.377 0.368 0.376 0.404 0.456 0.532 0.63 0.745 0.874 1.008 1.138 1.256 1.353 1.425 1.467 1.477 1.455 1.407 1.336 1.248 1.148 1.041 0.93 0.819 0.711 0.607 0.51 0.422 0.347 0.288 0.247 0.222 0.212 0.212 0.219 0.227 0.235 0.24 0.24 0.235 0.224 0.208 0.188 0.166 0.143 0.12 0.098 0.077 0.06 0.045 0.033 0.024 0.017 0.012
2.124 2.106 2.065 2.008 1.938 1.861 1.776 1.684 1.588 1.489 1.39 1.296 1.209 1.13 1.056 0.982 0.907 0.834 0.762 0.697 0.642 0.595 0.556 0.527 0.506 0.499 0.508 0.539 0.596 0.678 0.787 0.919 1.068 1.225 1.38 1.521 1.639 1.726 1.777 1.791 1.768 1.712 1.631 1.53 1.416 1.293 1.164 1.034 0.905 0.781 0.664 0.558 0.466 0.392 0.34 0.309 0.295 0.293 0.3 0.311 0.321 0.327 0.327 0.32 0.305 0.283 0.256 0.226 0.194 0.163 0.133 0.106 0.082 0.062 0.046 0.032 0.022 0.015
2.231 2.211 2.168 2.108 2.036 1.955 1.868 1.775 1.676 1.573 1.472 1.378 1.295 1.223 1.158 1.093 1.026 0.958 0.89 0.827 0.773 0.728 0.692 0.666 0.65 0.647 0.662 0.698 0.758 0.847 0.965 1.112 1.281 1.462 1.641 1.807 1.945 2.049 2.11 2.127 2.101 2.039 1.946 1.833 1.705 1.566 1.419 1.268 1.119 0.974 0.839 0.714 0.606 0.52 0.457 0.419 0.4 0.395 0.403 0.415 0.428 0.435 0.434 0.424 0.403 0.375 0.339 0.299 0.257 0.215 0.176 0.139 0.108 0.082 0.06 0.043 0.03 0.02
2.339 2.317 2.271 2.208 2.133 2.051 1.963 1.867 1.765 1.66 1.556 1.462 1.382 1.317 1.259 1.202 1.142 1.078 1.013 0.953 0.901 0.858 0.825 0.803 0.794 0.798 0.82 0.861 0.927 1.021 1.148 1.307 1.494 1.695 1.896 2.083 2.24 2.358 2.428 2.449 2.422 2.352 2.251 2.127 1.986 1.832 1.67 1.503 1.336 1.175 1.023 0.884 0.765 0.668 0.598 0.553 0.53 0.524 0.531 0.544 0.557 0.565 0.562 0.548 0.521 0.484 0.438 0.386 0.332 0.278 0.227 0.18 0.14 0.105 0.077 0.055 0.039 0.027
2.446 2.423 2.373 2.305 2.228 2.146 2.057 1.962 1.859 1.751 1.645 1.55 1.471 1.407 1.352 1.299 1.243 1.182 1.12 1.062 1.012 0.972 0.941 0.925 0.921 0.933 0.961 1.01 1.081 1.181 1.315 1.485 1.683 1.898 2.114 2.316 2.487 2.616 2.693 2.717 2.689 2.616 2.509 2.378 2.229 2.066 1.893 1.715 1.538 1.365 1.205 1.06 0.934 0.834 0.76 0.712 0.687 0.68 0.687 0.7 0.712 0.717 0.711 0.691 0.658 0.61 0.552 0.487 0.419 0.351 0.286 0.227 0.176 0.132 0.097 0.07 0.049 0.033
2.549 2.524 2.471 2.4 2.32 2.238 2.15 2.057 1.954 1.847 1.739 1.642 1.56 1.492 1.434 1.379 1.321 1.262 1.201 1.144 1.096 1.057 1.031 1.018 1.02 1.037 1.073 1.128 1.206 1.313 1.454 1.629 1.833 2.054 2.276 2.483 2.661 2.795 2.878 2.905 2.878 2.806 2.698 2.565 2.414 2.247 2.072 1.891 1.712 1.539 1.378 1.234 1.111 1.013 0.942 0.896 0.872 0.866 0.872 0.883 0.891 0.891 0.88 0.853 0.811 0.752 0.681 0.601 0.516 0.432 0.353 0.28 0.217 0.163 0.119 0.085 0.059 0.04
2.648 2.62 2.564 2.489 2.407 2.324 2.239 2.148 2.048 1.941 1.834 1.733 1.644 1.569 1.504 1.442 1.38 1.317 1.257 1.201 1.154 1.117 1.093 1.082 1.088 1.11 1.151 1.212 1.297 1.41 1.555 1.732 1.936 2.154 2.373 2.578 2.754 2.89 2.975 3.005 2.983 2.915 2.813 2.683 2.536 2.373 2.203 2.028 1.856 1.692 1.541 1.406 1.294 1.205 1.142 1.103 1.084 1.079 1.083 1.09 1.093 1.087 1.068 1.033 0.98 0.908 0.823 0.725 0.623 0.522 0.426 0.338 0.261 0.196 0.143 0.103 0.071 0.048
2.739 2.709 2.649 2.57 2.487 2.402 2.319 2.229 2.134 2.028 1.919 1.815 1.72 1.635 1.559 1.488 1.421 1.355 1.293 1.238 1.193 1.157 1.134 1.124 1.131 1.155 1.199 1.265 1.355 1.472 1.619 1.794 1.991 2.201 2.411 2.608 2.778 2.91 2.995 3.03 3.014 2.955 2.862 2.743 2.605 2.455 2.296 2.136 1.98 1.832 1.698 1.58 1.483 1.41 1.36 1.33 1.317 1.315 1.318 1.32 1.316 1.302 1.274 1.229 1.165 1.081 0.979 0.864 0.742 0.622 0.506 0.401 0.309 0.232 0.17 0.121 0.084 0.057
2.819 2.788 2.724 2.643 2.555 2.47 2.386 2.297 2.201 2.097 1.989 1.881 1.781 1.688 1.603 1.523 1.45 1.382 1.32 1.266 1.221 1.186 1.162 1.153 1.159 1.183 1.227 1.294 1.385 1.503 1.648 1.817 2.005 2.204 2.401 2.586 2.748 2.874 2.959 2.998 2.991 2.944 2.865 2.761 2.639 2.506 2.366 2.227 2.092 1.966 1.855 1.759 1.683 1.627 1.591 1.574 1.569 1.57 1.572 1.568 1.556 1.533 1.497 1.442 1.366 1.267 1.148 1.013 0.871 0.73 0.595 0.47 0.362 0.271 0.198 0.141 0.098 0.066
2.887 2.856 2.79 2.705 2.615 2.527 2.439 2.348 2.252 2.147 2.038 1.929 1.825 1.727 1.637 1.553 1.476 1.407 1.346 1.292 1.247 1.211 1.186 1.174 1.178 1.199 1.24 1.305 1.394 1.508 1.648 1.808 1.985 2.17 2.353 2.526 2.677 2.8 2.883 2.928 2.931 2.898 2.836 2.751 2.65 2.539 2.424 2.309 2.201 2.102 2.016 1.943 1.889 1.853 1.834 1.828 1.831 1.835 1.836 1.828 1.808 1.777 1.73 1.666 1.577 1.463 1.326 1.173 1.01 0.847 0.69 0.546 0.42 0.315 0.23 0.164 0.115 0.077
2.946 2.913 2.847 2.76 2.666 2.572 2.481 2.386 2.286 2.18 2.071 1.961 1.857 1.757 1.666 1.58 1.504 1.436 1.375 1.321 1.276 1.239 1.212 1.198 1.195 1.212 1.247 1.306 1.388 1.495 1.624 1.774 1.938 2.109 2.279 2.44 2.581 2.697 2.782 2.831 2.846 2.829 2.787 2.724 2.647 2.563 2.475 2.389 2.309 2.238 2.179 2.132 2.099 2.081 2.076 2.082 2.092 2.1 2.099 2.087 2.06 2.021 1.966 1.891 1.79 1.662 1.509 1.337 1.155 0.971 0.794 0.63 0.487 0.368 0.27 0.194 0.137 0.093
2.996 2.964 2.897 2.809 2.712 2.614 2.517 2.417 2.314 2.206 2.097 1.988 1.885 1.788 1.697 1.615 1.539 1.472 1.413 1.36 1.313 1.275 1.244 1.225 1.217 1.226 1.253 1.303 1.375 1.471 1.588 1.725 1.874 2.031 2.188 2.337 2.469 2.58 2.664 2.72 2.746 2.747 2.725 2.687 2.636 2.579 2.521 2.466 2.416 2.373 2.339 2.315 2.302 2.301 2.31 2.324 2.34 2.35 2.349 2.333 2.302 2.255 2.192 2.107 1.996 1.855 1.688 1.501 1.303 1.102 0.907 0.727 0.568 0.434 0.324 0.238 0.171 0.119
3.04 3.01 2.943 2.856 2.757 2.656 2.553 2.448 2.341 2.233 2.125 2.02 1.92 1.826 1.739 1.661 1.587 1.523 1.463 1.411 1.363 1.322 1.288 1.262 1.248 1.248 1.265 1.302 1.362 1.444 1.547 1.667 1.803 1.945 2.088 2.225 2.348 2.454 2.54 2.602 2.64 2.658 2.657 2.643 2.619 2.591 2.564 2.539 2.518 2.503 2.493 2.489 2.493 2.504 2.522 2.543 2.562 2.574 2.574 2.556 2.522 2.47 2.399 2.306 2.185 2.035 1.857 1.659 1.451 1.238 1.031 0.838 0.666 0.519 0.398 0.3 0.22 0.158
3.081 3.051 2.989 2.902 2.804 2.7 2.592 2.484 2.375 2.266 2.162 2.061 1.965 1.878 1.796 1.72 1.652 1.589 1.531 1.478 1.428 1.384 1.344 1.313 1.29 1.279 1.285 1.309 1.353 1.419 1.506 1.61 1.729 1.856 1.986 2.111 2.227 2.329 2.415 2.483 2.535 2.569 2.589 2.598 2.601 2.601 2.602 2.606 2.614 2.624 2.636 2.648 2.664 2.684 2.708 2.732 2.754 2.767 2.767 2.749 2.712 2.657 2.581 2.48 2.353 2.195 2.012 1.809 1.594 1.375 1.162 0.962 0.781 0.624 0.492 0.38 0.288 0.21
3.12 3.093 3.032 2.949 2.852 2.746 2.636 2.525 2.416 2.31 2.209 2.114 2.026 1.944 1.868 1.798 1.734 1.673 1.616 1.563 1.511 1.462 1.417 1.378 1.345 1.323 1.315 1.325 1.354 1.402 1.471 1.558 1.66 1.772 1.889 2.003 2.111 2.211 2.299 2.376 2.438 2.489 2.528 2.56 2.586 2.612 2.639 2.669 2.702 2.734 2.763 2.789 2.813 2.84 2.866 2.892 2.914 2.926 2.926 2.909 2.871 2.814 2.733 2.627 2.494 2.332 2.147 1.943 1.728 1.509 1.295 1.092 0.906 0.741 0.598 0.474 0.367 0.273
3.161 3.135 3.077 2.997 2.901 2.795 2.684 2.572 2.465 2.363 2.268 2.18 2.1 2.025 1.956 1.893 1.833 1.777 1.722 1.668 1.613 1.559 1.507 1.458 1.415 1.381 1.358 1.353 1.364 1.395 1.445 1.515 1.6 1.696 1.8 1.904 2.008 2.107 2.198 2.283 2.358 2.425 2.482 2.533 2.581 2.628 2.677 2.728 2.78 2.829 2.872 2.909 2.941 2.97 2.998 3.024 3.044 3.056 3.055 3.035 2.996 2.936 2.852 2.743 2.606 2.444 2.26 2.059 1.847 1.633 1.421 1.218 1.031 0.86 0.709 0.574 0.452 0.344
3.206 3.18 3.125 3.046 2.949 2.844 2.734 2.625 2.521 2.425 2.338 2.258 2.186 2.12 2.06 2.005 1.952 1.9 1.849 1.794 1.737 1.677 1.615 1.556 1.501 1.453 1.416 1.394 1.388 1.401 1.433 1.483 1.551 1.632 1.723 1.82 1.921 2.02 2.118 2.212 2.3 2.381 2.454 2.523 2.587 2.65 2.715 2.782 2.847 2.909 2.962 3.007 3.044 3.078 3.108 3.132 3.151 3.16 3.154 3.132 3.09 3.026 2.94 2.828 2.691 2.531 2.35 2.154 1.948 1.739 1.531 1.332 1.145 0.972 0.814 0.67 0.538 0.417
3.254 3.229 3.172 3.093 2.998 2.893 2.786 2.682 2.584 2.496 2.418 2.348 2.287 2.232 2.181 2.135 2.091 2.047 2 1.946 1.885 1.817 1.745 1.673 1.604 1.542 1.489 1.45 1.427 1.421 1.434 1.465 1.515 1.581 1.661 1.752 1.851 1.954 2.059 2.162 2.263 2.358 2.446 2.528 2.605 2.68 2.756 2.831 2.905 2.974 3.034 3.085 3.128 3.165 3.196 3.22 3.235 3.24 3.23 3.202 3.155 3.088 2.998 2.886 2.751 2.593 2.418 2.228 2.029 1.826 1.624 1.428 1.243 1.068 0.907 0.758 0.617 0.486
3.303 3.277 3.22 3.139 3.044 2.943 2.84 2.743 2.654 2.576 2.509 2.452 2.403 2.36 2.322 2.289 2.257 2.223 2.181 2.128 2.063 1.985 1.901 1.813 1.728 1.649 1.579 1.523 1.48 1.456 1.45 1.463 1.496 1.547 1.616 1.701 1.799 1.906 2.018 2.132 2.244 2.352 2.453 2.546 2.634 2.718 2.8 2.88 2.957 3.029 3.093 3.148 3.195 3.234 3.266 3.288 3.3 3.298 3.282 3.249 3.196 3.125 3.034 2.922 2.789 2.636 2.466 2.282 2.09 1.893 1.697 1.505 1.322 1.148 0.986 0.831 0.686 0.549
3.349 3.322 3.263 3.182 3.089 2.991 2.895 2.807 2.73 2.664 2.612 2.57 2.536 2.509 2.488 2.469 2.451 2.429 2.395 2.344 2.273 2.184 2.084 1.978 1.875 1.776 1.688 1.612 1.551 1.508 1.482 1.477 1.493 1.53 1.589 1.669 1.765 1.875 1.994 2.116 2.238 2.357 2.469 2.573 2.669 2.761 2.847 2.93 3.008 3.081 3.145 3.202 3.249 3.289 3.317 3.335 3.341 3.335 3.311 3.272 3.215 3.14 3.048 2.938 2.808 2.659 2.494 2.318 2.132 1.941 1.751 1.563 1.383 1.21 1.047 0.891 0.741 0.601
3.389 3.362 3.302 3.221 3.13 3.038 2.951 2.873 2.809 2.761 2.726 2.702 2.687 2.68 2.676 2.676 2.675 2.668 2.643 2.594 2.517 2.415 2.296 2.17 2.044 1.924 1.814 1.718 1.638 1.575 1.531 1.509 1.51 1.534 1.583 1.656 1.752 1.862 1.984 2.113 2.243 2.37 2.491 2.604 2.71 2.808 2.899 2.984 3.063 3.134 3.197 3.25 3.295 3.329 3.352 3.363 3.362 3.348 3.318 3.275 3.214 3.138 3.046 2.937 2.81 2.666 2.506 2.335 2.155 1.971 1.785 1.602 1.424 1.253 1.089 0.933 0.781 0.637
3.416 3.39 3.332 3.252 3.166 3.08 3.003 2.938 2.891 2.86 2.846 2.844 2.852 2.866 2.885 2.906 2.925 2.933 2.919 2.873 2.788 2.672 2.533 2.384 2.234 2.09 1.958 1.84 1.74 1.658 1.599 1.561 1.549 1.561 1.601 1.667 1.759 1.869 1.992 2.124 2.259 2.392 2.521 2.643 2.757 2.862 2.958 3.046 3.123 3.191 3.249 3.297 3.334 3.359 3.372 3.374 3.363 3.341 3.307 3.259 3.197 3.121 3.029 2.922 2.798 2.657 2.503 2.336 2.162 1.984 1.803 1.623 1.448 1.279 1.115 0.958 0.806 0.661
3.428 3.403 3.347 3.272 3.192 3.115 3.049 3 2.969 2.959 2.967 2.989 3.021 3.06 3.104 3.149 3.189 3.214 3.21 3.166 3.075 2.944 2.784 2.61 2.436 2.269 2.114 1.975 1.857 1.759 1.685 1.635 1.611 1.614 1.645 1.706 1.793 1.9 2.023 2.156 2.294 2.432 2.567 2.696 2.817 2.927 3.026 3.114 3.19 3.253 3.304 3.342 3.367 3.381 3.381 3.37 3.35 3.319 3.28 3.23 3.167 3.092 3.001 2.895 2.772 2.636 2.485 2.324 2.154 1.981 1.804 1.629 1.457 1.289 1.127 0.969 0.817 0.671
