DCGAN/plot/SedofBasin_0220.grd
DSAA
100 100
0 40
0 40
0.019 1.158
[rows 34 to 67 of 100, columns 0 to 77 of 100]
0.713 0.712 0.712 0.711 0.71 0.709 0.708 0.707 0.706 0.706 0.706 0.707 0.708 0.708 0.708 0.706 0.702 0.697 0.69 0.682 0.674 0.665 0.657 0.65 0.644 0.64 0.637 0.636 0.635 0.636 0.638 0.641 0.644 0.647 0.65 0.654 0.658 0.662 0.666 0.671 0.676 0.68 0.685 0.69 0.694 0.698 0.701 0.704 0.707 0.71 0.712 0.713 0.714 0.715 0.715 0.714 0.711 0.708 0.704 0.698 0.691 0.683 0.674 0.664 0.653 0.642 0.631 0.62 0.608 0.597 0.586 0.575 0.565 0.554 0.545 0.535 0.526 0.518
0.706 0.704 0.702 0.699 0.695 0.69 0.686 0.682 0.678 0.676 0.674 0.674 0.674 0.674 0.674 0.673 0.671 0.668 0.663 0.658 0.653 0.648 0.643 0.64 0.637 0.636 0.635 0.636 0.638 0.64 0.643 0.647 0.65 0.654 0.658 0.662 0.666 0.671 0.676 0.681 0.687 0.692 0.698 0.703 0.708 0.712 0.716 0.719 0.722 0.725 0.727 0.729 0.73 0.731 0.731 0.73 0.728 0.724 0.72 0.714 0.707 0.699 0.69 0.68 0.669 0.658 0.647 0.635 0.624 0.612 0.601 0.59 0.579 0.569 0.559 0.55 0.541 0.533
0.699 0.696 0.693 0.687 0.68 0.673 0.666 0.66 0.655 0.651 0.648 0.647 0.647 0.647 0.647 0.647 0.646 0.645 0.642 0.64 0.638 0.635 0.634 0.633 0.633 0.634 0.636 0.639 0.642 0.646 0.649 0.653 0.657 0.661 0.666 0.67 0.675 0.68 0.686 0.692 0.698 0.704 0.71 0.715 0.721 0.725 0.73 0.734 0.737 0.74 0.743 0.745 0.746 0.747 0.747 0.746 0.744 0.741 0.736 0.73 0.723 0.715 0.706 0.695 0.685 0.674 0.662 0.651 0.639 0.628 0.616 0.605 0.594 0.583 0.573 0.563 0.555 0.546
0.69 0.688 0.683 0.676 0.667 0.658 0.65 0.642 0.636 0.631 0.628 0.626 0.626 0.627 0.627 0.628 0.628 0.628 0.628 0.627 0.627 0.627 0.628 0.629 0.632 0.635 0.638 0.643 0.647 0.651 0.656 0.66 0.665 0.669 0.674 0.678 0.684 0.689 0.695 0.702 0.708 0.715 0.721 0.727 0.733 0.738 0.743 0.747 0.751 0.754 0.757 0.76 0.762 0.763 0.763 0.762 0.76 0.757 0.752 0.746 0.739 0.731 0.721 0.711 0.7 0.689 0.678 0.666 0.654 0.642 0.63 0.619 0.607 0.596 0.586 0.576 0.567 0.559
0.68 0.677 0.671 0.663 0.654 0.645 0.636 0.628 0.621 0.617 0.614 0.613 0.613 0.614 0.615 0.616 0.617 0.618 0.619 0.62 0.621 0.623 0.625 0.628 0.632 0.637 0.642 0.647 0.652 0.657 0.662 0.667 0.671 0.676 0.681 0.686 0.692 0.698 0.704 0.711 0.718 0.725 0.731 0.738 0.744 0.75 0.755 0.76 0.764 0.768 0.772 0.775 0.777 0.778 0.778 0.778 0.776 0.772 0.768 0.762 0.754 0.746 0.736 0.726 0.715 0.704 0.692 0.681 0.668 0.656 0.644 0.632 0.62 0.609 0.598 0.587 0.578 0.569
0.665 0.662 0.657 0.649 0.641 0.632 0.623 0.616 0.611 0.607 0.605 0.605 0.606 0.607 0.609 0.611 0.612 0.614 0.615 0.617 0.619 0.621 0.625 0.629 0.634 0.64 0.646 0.651 0.657 0.663 0.668 0.672 0.677 0.682 0.687 0.692 0.698 0.705 0.711 0.719 0.726 0.733 0.74 0.747 0.754 0.76 0.766 0.771 0.776 0.781 0.785 0.788 0.791 0.793 0.794 0.793 0.791 0.788 0.783 0.777 0.769 0.76 0.751 0.74 0.729 0.718 0.706 0.694 0.682 0.67 0.657 0.644 0.632 0.62 0.608 0.598 0.588 0.579
0.646 0.644 0.639 0.632 0.625 0.618 0.611 0.606 0.603 0.601 0.601 0.602 0.604 0.606 0.609 0.611 0.612 0.614 0.616 0.617 0.62 0.623 0.627 0.632 0.637 0.643 0.649 0.656 0.661 0.667 0.672 0.677 0.682 0.687 0.692 0.698 0.704 0.71 0.717 0.725 0.732 0.74 0.747 0.755 0.762 0.769 0.775 0.781 0.787 0.792 0.797 0.801 0.805 0.807 0.808 0.808 0.806 0.802 0.797 0.791 0.783 0.774 0.764 0.754 0.743 0.731 0.719 0.707 0.695 0.682 0.668 0.655 0.642 0.63 0.618 0.606 0.596 0.586
0.622 0.62 0.617 0.612 0.607 0.602 0.599 0.596 0.596 0.597 0.599 0.602 0.606 0.609 0.612 0.614 0.616 0.617 0.619 0.621 0.623 0.626 0.63 0.635 0.64 0.647 0.653 0.659 0.665 0.67 0.675 0.68 0.685 0.69 0.696 0.701 0.708 0.715 0.722 0.73 0.737 0.745 0.753 0.761 0.768 0.776 0.783 0.79 0.796 0.803 0.808 0.813 0.817 0.82 0.821 0.821 0.82 0.816 0.811 0.805 0.796 0.787 0.777 0.766 0.755 0.743 0.731 0.718 0.705 0.692 0.678 0.665 0.651 0.638 0.625 0.613 0.602 0.592
0.594 0.593 0.591 0.589 0.587 0.585 0.585 0.586 0.589 0.593 0.598 0.604 0.609 0.613 0.617 0.619 0.621 0.622 0.624 0.625 0.627 0.63 0.634 0.638 0.644 0.649 0.655 0.661 0.667 0.672 0.677 0.682 0.687 0.692 0.698 0.704 0.71 0.717 0.725 0.733 0.741 0.749 0.757 0.765 0.773 0.781 0.789 0.797 0.804 0.811 0.818 0.823 0.828 0.832 0.834 0.834 0.833 0.829 0.824 0.817 0.808 0.799 0.788 0.777 0.765 0.753 0.741 0.728 0.714 0.701 0.687 0.672 0.658 0.644 0.631 0.618 0.607 0.596
0.563 0.563 0.563 0.563 0.564 0.566 0.57 0.575 0.582 0.589 0.597 0.605 0.611 0.617 0.621 0.624 0.626 0.628 0.629 0.63 0.632 0.634 0.637 0.641 0.646 0.652 0.657 0.663 0.668 0.673 0.678 0.682 0.687 0.692 0.698 0.704 0.711 0.718 0.726 0.734 0.742 0.75 0.759 0.768 0.776 0.785 0.794 0.802 0.81 0.818 0.826 0.832 0.838 0.842 0.845 0.845 0.844 0.841 0.835 0.828 0.819 0.809 0.797 0.786 0.773 0.761 0.748 0.735 0.721 0.707 0.692 0.677 0.662 0.648 0.634 0.621 0.609 0.598
0.53 0.531 0.532 0.535 0.54 0.545 0.553 0.562 0.572 0.583 0.594 0.604 0.612 0.619 0.624 0.628 0.631 0.632 0.633 0.634 0.636 0.638 0.64 0.644 0.648 0.653 0.658 0.663 0.667 0.672 0.676 0.681 0.686 0.691 0.697 0.703 0.71 0.717 0.725 0.733 0.742 0.751 0.759 0.768 0.778 0.787 0.796 0.806 0.815 0.824 0.832 0.839 0.846 0.85 0.854 0.855 0.854 0.85 0.845 0.837 0.828 0.817 0.805 0.792 0.78 0.767 0.753 0.739 0.725 0.711 0.695 0.68 0.664 0.649 0.635 0.621 0.609 0.597
0.497 0.498 0.502 0.507 0.514 0.524 0.535 0.547 0.561 0.575 0.588 0.6 0.61 0.618 0.625 0.63 0.633 0.635 0.636 0.638 0.639 0.641 0.643 0.646 0.649 0.653 0.657 0.661 0.665 0.67 0.674 0.678 0.683 0.688 0.694 0.7 0.707 0.715 0.723 0.731 0.74 0.749 0.758 0.767 0.777 0.787 0.797 0.807 0.817 0.827 0.836 0.844 0.851 0.857 0.86 0.862 0.861 0.858 0.852 0.844 0.834 0.822 0.81 0.797 0.783 0.77 0.756 0.742 0.727 0.712 0.696 0.68 0.664 0.649 0.634 0.62 0.607 0.595
0.464 0.467 0.472 0.479 0.489 0.501 0.515 0.531 0.547 0.563 0.579 0.593 0.605 0.615 0.622 0.628 0.632 0.636 0.638 0.639 0.641 0.642 0.644 0.646 0.649 0.652 0.655 0.658 0.662 0.666 0.67 0.674 0.679 0.684 0.69 0.696 0.703 0.711 0.719 0.728 0.736 0.746 0.755 0.765 0.775 0.785 0.796 0.807 0.817 0.827 0.837 0.846 0.854 0.86 0.864 0.866 0.866 0.862 0.856 0.848 0.838 0.826 0.813 0.799 0.785 0.771 0.756 0.741 0.726 0.71 0.694 0.678 0.662 0.646 0.631 0.616 0.603 0.59
0.434 0.437 0.443 0.452 0.464 0.479 0.496 0.513 0.532 0.55 0.567 0.583 0.596 0.607 0.617 0.624 0.629 0.634 0.637 0.639 0.641 0.642 0.644 0.645 0.647 0.649 0.652 0.654 0.658 0.661 0.665 0.669 0.673 0.678 0.684 0.691 0.698 0.706 0.714 0.722 0.731 0.741 0.75 0.76 0.771 0.782 0.793 0.804 0.815 0.826 0.836 0.846 0.854 0.861 0.865 0.867 0.867 0.864 0.858 0.849 0.838 0.826 0.813 0.798 0.784 0.769 0.754 0.739 0.723 0.707 0.69 0.674 0.657 0.641 0.626 0.611 0.598 0.585
0.406 0.41 0.417 0.427 0.441 0.458 0.476 0.496 0.516 0.535 0.554 0.57 0.585 0.597 0.608 0.616 0.624 0.629 0.633 0.637 0.639 0.64 0.641 0.642 0.644 0.645 0.647 0.649 0.652 0.655 0.658 0.662 0.666 0.672 0.677 0.684 0.691 0.699 0.707 0.716 0.725 0.734 0.744 0.755 0.765 0.776 0.788 0.799 0.811 0.822 0.833 0.843 0.851 0.858 0.863 0.865 0.865 0.862 0.856 0.847 0.836 0.824 0.81 0.796 0.781 0.765 0.75 0.734 0.718 0.702 0.685 0.669 0.652 0.636 0.621 0.606 0.592 0.579
0.381 0.385 0.393 0.405 0.42 0.438 0.458 0.478 0.499 0.52 0.539 0.556 0.572 0.585 0.597 0.607 0.615 0.622 0.627 0.631 0.634 0.636 0.637 0.638 0.639 0.639 0.641 0.642 0.644 0.647 0.65 0.654 0.658 0.663 0.669 0.676 0.683 0.691 0.699 0.708 0.717 0.726 0.736 0.747 0.758 0.769 0.781 0.793 0.804 0.816 0.827 0.837 0.845 0.852 0.857 0.86 0.86 0.857 0.851 0.842 0.832 0.819 0.805 0.791 0.776 0.76 0.744 0.728 0.712 0.696 0.679 0.663 0.646 0.63 0.615 0.6 0.586 0.573
0.359 0.364 0.372 0.385 0.402 0.421 0.441 0.463 0.485 0.505 0.524 0.542 0.557 0.571 0.583 0.594 0.604 0.612 0.618 0.623 0.627 0.629 0.63 0.631 0.631 0.632 0.633 0.634 0.636 0.638 0.641 0.645 0.649 0.654 0.66 0.666 0.674 0.681 0.689 0.698 0.707 0.717 0.727 0.738 0.749 0.761 0.772 0.784 0.796 0.807 0.818 0.828 0.837 0.844 0.849 0.851 0.851 0.848 0.843 0.835 0.824 0.812 0.799 0.784 0.769 0.754 0.738 0.722 0.706 0.689 0.673 0.656 0.64 0.624 0.609 0.595 0.581 0.568
0.34 0.345 0.355 0.369 0.386 0.406 0.428 0.45 0.472 0.492 0.511 0.528 0.543 0.557 0.569 0.58 0.59 0.599 0.606 0.612 0.616 0.619 0.621 0.622 0.622 0.622 0.623 0.624 0.625 0.628 0.63 0.634 0.638 0.643 0.649 0.656 0.663 0.671 0.679 0.688 0.697 0.707 0.717 0.728 0.739 0.75 0.762 0.774 0.785 0.797 0.807 0.817 0.826 0.832 0.837 0.84 0.84 0.837 0.832 0.825 0.815 0.803 0.79 0.776 0.761 0.746 0.73 0.714 0.698 0.682 0.666 0.65 0.634 0.619 0.604 0.59 0.576 0.563
0.325 0.33 0.341 0.356 0.375 0.396 0.418 0.441 0.462 0.482 0.5 0.516 0.53 0.542 0.554 0.564 0.574 0.583 0.591 0.597 0.602 0.606 0.608 0.609 0.61 0.61 0.611 0.612 0.614 0.616 0.618 0.622 0.626 0.631 0.637 0.644 0.651 0.658 0.667 0.676 0.685 0.695 0.705 0.716 0.727 0.738 0.75 0.761 0.773 0.784 0.794 0.804 0.812 0.819 0.823 0.826 0.826 0.824 0.819 0.812 0.803 0.792 0.78 0.766 0.752 0.737 0.722 0.706 0.691 0.675 0.659 0.644 0.628 0.613 0.599 0.585 0.572 0.56
0.313 0.319 0.33 0.346 0.366 0.389 0.412 0.434 0.456 0.475 0.491 0.505 0.518 0.528 0.538 0.548 0.556 0.565 0.573 0.579 0.585 0.589 0.592 0.594 0.595 0.596 0.597 0.598 0.6 0.602 0.605 0.608 0.612 0.618 0.623 0.63 0.637 0.645 0.653 0.662 0.672 0.681 0.692 0.702 0.713 0.725 0.736 0.748 0.759 0.769 0.779 0.789 0.796 0.803 0.807 0.81 0.81 0.809 0.804 0.798 0.79 0.78 0.768 0.756 0.742 0.728 0.713 0.698 0.683 0.668 0.653 0.637 0.623 0.608 0.595 0.581 0.569 0.557
0.304 0.31 0.323 0.34 0.361 0.384 0.408 0.431 0.452 0.47 0.485 0.497 0.507 0.515 0.523 0.53 0.537 0.545 0.552 0.559 0.564 0.569 0.573 0.576 0.578 0.58 0.581 0.583 0.584 0.587 0.59 0.593 0.597 0.603 0.608 0.615 0.622 0.63 0.639 0.648 0.657 0.667 0.677 0.688 0.699 0.71 0.721 0.732 0.743 0.753 0.763 0.772 0.779 0.785 0.79 0.792 0.793 0.791 0.788 0.782 0.775 0.766 0.755 0.744 0.731 0.718 0.704 0.689 0.675 0.66 0.646 0.631 0.617 0.604 0.591 0.578 0.566 0.555
0.298 0.305 0.318 0.336 0.358 0.383 0.407 0.43 0.451 0.467 0.48 0.49 0.497 0.502 0.507 0.512 0.517 0.523 0.529 0.535 0.541 0.547 0.551 0.555 0.558 0.561 0.563 0.565 0.567 0.57 0.573 0.576 0.581 0.586 0.592 0.599 0.606 0.614 0.623 0.632 0.641 0.651 0.661 0.672 0.683 0.694 0.704 0.715 0.726 0.736 0.745 0.753 0.76 0.766 0.77 0.773 0.774 0.773 0.77 0.765 0.759 0.751 0.741 0.731 0.719 0.707 0.694 0.68 0.666 0.653 0.639 0.625 0.612 0.599 0.587 0.575 0.564 0.553
0.294 0.301 0.315 0.334 0.357 0.382 0.407 0.43 0.45 0.465 0.476 0.483 0.487 0.489 0.491 0.493 0.496 0.5 0.505 0.511 0.517 0.523 0.528 0.533 0.537 0.54 0.543 0.546 0.549 0.551 0.554 0.558 0.563 0.568 0.575 0.582 0.589 0.597 0.606 0.615 0.625 0.635 0.645 0.655 0.666 0.676 0.687 0.697 0.707 0.717 0.725 0.733 0.74 0.745 0.75 0.752 0.753 0.753 0.751 0.747 0.741 0.734 0.726 0.717 0.706 0.695 0.683 0.67 0.657 0.644 0.631 0.619 0.606 0.594 0.583 0.572 0.562 0.552
0.292 0.3 0.314 0.333 0.357 0.382 0.406 0.429 0.447 0.461 0.47 0.475 0.476 0.476 0.474 0.474 0.474 0.477 0.481 0.486 0.492 0.498 0.504 0.509 0.514 0.519 0.522 0.525 0.528 0.531 0.535 0.539 0.544 0.549 0.556 0.563 0.571 0.579 0.588 0.598 0.607 0.617 0.627 0.637 0.647 0.658 0.668 0.678 0.687 0.696 0.705 0.712 0.719 0.724 0.728 0.731 0.732 0.732 0.73 0.727 0.723 0.717 0.71 0.701 0.692 0.682 0.671 0.659 0.647 0.635 0.623 0.612 0.6 0.589 0.579 0.569 0.559 0.55
0.292 0.299 0.313 0.332 0.355 0.38 0.404 0.425 0.442 0.454 0.461 0.464 0.463 0.46 0.456 0.454 0.452 0.453 0.456 0.461 0.466 0.473 0.479 0.485 0.491 0.496 0.5 0.504 0.507 0.511 0.514 0.519 0.524 0.53 0.536 0.544 0.552 0.561 0.57 0.579 0.589 0.598 0.608 0.618 0.628 0.638 0.648 0.658 0.667 0.676 0.683 0.691 0.697 0.702 0.706 0.709 0.71 0.71 0.709 0.707 0.703 0.699 0.693 0.685 0.677 0.668 0.658 0.648 0.637 0.626 0.615 0.604 0.594 0.584 0.574 0.565 0.557 0.549
0.292 0.299 0.312 0.33 0.352 0.375 0.397 0.417 0.433 0.443 0.448 0.449 0.446 0.441 0.436 0.432 0.429 0.429 0.432 0.436 0.441 0.448 0.455 0.461 0.467 0.473 0.477 0.481 0.485 0.489 0.493 0.498 0.503 0.509 0.516 0.524 0.532 0.541 0.55 0.56 0.57 0.579 0.589 0.599 0.609 0.619 0.628 0.637 0.646 0.654 0.662 0.668 0.674 0.679 0.683 0.686 0.688 0.688 0.688 0.686 0.683 0.68 0.675 0.668 0.661 0.653 0.645 0.635 0.626 0.616 0.606 0.596 0.587 0.578 0.569 0.561 0.554 0.547
0.291 0.297 0.309 0.326 0.345 0.366 0.386 0.404 0.417 0.426 0.429 0.429 0.425 0.419 0.413 0.408 0.405 0.405 0.407 0.411 0.417 0.424 0.431 0.438 0.444 0.45 0.455 0.459 0.463 0.467 0.471 0.476 0.482 0.488 0.496 0.504 0.512 0.521 0.531 0.54 0.55 0.56 0.569 0.579 0.589 0.598 0.607 0.616 0.624 0.632 0.639 0.646 0.651 0.656 0.66 0.663 0.665 0.666 0.666 0.665 0.663 0.66 0.656 0.651 0.645 0.638 0.63 0.622 0.614 0.605 0.596 0.588 0.579 0.572 0.564 0.558 0.551 0.546
0.287 0.293 0.303 0.317 0.334 0.352 0.369 0.384 0.395 0.402 0.404 0.403 0.398 0.392 0.387 0.382 0.38 0.38 0.383 0.387 0.393 0.4 0.408 0.415 0.421 0.427 0.432 0.437 0.441 0.445 0.45 0.455 0.461 0.467 0.475 0.483 0.492 0.501 0.511 0.521 0.53 0.54 0.55 0.559 0.568 0.578 0.586 0.595 0.603 0.61 0.617 0.623 0.628 0.633 0.637 0.64 0.642 0.643 0.644 0.643 0.642 0.64 0.637 0.633 0.628 0.622 0.616 0.609 0.601 0.594 0.586 0.579 0.572 0.565 0.559 0.553 0.548 0.544
0.28 0.285 0.293 0.305 0.318 0.333 0.347 0.358 0.367 0.371 0.373 0.371 0.367 0.362 0.357 0.354 0.353 0.354 0.358 0.363 0.37 0.377 0.385 0.392 0.399 0.405 0.41 0.415 0.419 0.424 0.428 0.433 0.439 0.446 0.454 0.463 0.472 0.481 0.491 0.501 0.51 0.52 0.529 0.539 0.548 0.557 0.566 0.574 0.581 0.588 0.595 0.6 0.606 0.61 0.614 0.617 0.619 0.621 0.622 0.622 0.621 0.62 0.617 0.614 0.61 0.606 0.6 0.595 0.589 0.582 0.576 0.57 0.564 0.559 0.554 0.549 0.545 0.542
0.268 0.271 0.278 0.287 0.297 0.308 0.318 0.327 0.333 0.336 0.336 0.334 0.331 0.327 0.325 0.324 0.325 0.328 0.333 0.339 0.347 0.354 0.362 0.37 0.377 0.383 0.389 0.394 0.398 0.402 0.407 0.412 0.418 0.425 0.433 0.442 0.451 0.461 0.471 0.481 0.49 0.5 0.51 0.519 0.528 0.537 0.545 0.553 0.56 0.567 0.573 0.578 0.583 0.587 0.591 0.594 0.596 0.598 0.599 0.6 0.6 0.599 0.598 0.596 0.593 0.589 0.585 0.581 0.576 0.571 0.566 0.561 0.556 0.552 0.548 0.545 0.542 0.54
0.249 0.252 0.257 0.263 0.27 0.278 0.285 0.29 0.294 0.296 0.296 0.294 0.292 0.291 0.291 0.292 0.295 0.3 0.307 0.315 0.323 0.332 0.34 0.348 0.355 0.362 0.367 0.372 0.377 0.381 0.386 0.391 0.397 0.404 0.412 0.421 0.431 0.441 0.451 0.461 0.471 0.48 0.49 0.499 0.508 0.517 0.525 0.532 0.539 0.546 0.551 0.556 0.561 0.565 0.568 0.571 0.574 0.576 0.578 0.579 0.579 0.579 0.579 0.577 0.575 0.573 0.57 0.567 0.563 0.559 0.555 0.552 0.549 0.545 0.543 0.541 0.539 0.538
0.225 0.227 0.23 0.234 0.239 0.244 0.248 0.251 0.253 0.254 0.254 0.253 0.253 0.254 0.256 0.26 0.266 0.273 0.281 0.291 0.3 0.309 0.318 0.326 0.333 0.34 0.346 0.351 0.356 0.36 0.365 0.37 0.376 0.383 0.391 0.401 0.41 0.421 0.431 0.441 0.451 0.461 0.471 0.481 0.489 0.498 0.506 0.513 0.519 0.525 0.53 0.535 0.539 0.543 0.546 0.549 0.552 0.554 0.556 0.558 0.559 0.559 0.56 0.559 0.558 0.557 0.555 0.553 0.55 0.548 0.545 0.543 0.541 0.539 0.537 0.536 0.536 0.536
0.197 0.198 0.2 0.203 0.205 0.208 0.21 0.212 0.213 0.213 0.213 0.213 0.214 0.217 0.222 0.228 0.236 0.246 0.256 0.266 0.276 0.286 0.295 0.303 0.311 0.318 0.324 0.329 0.334 0.339 0.344 0.349 0.355 0.362 0.371 0.38 0.39 0.401 0.411 0.422 0.433 0.443 0.453 0.463 0.472 0.48 0.487 0.494 0.5 0.506 0.51 0.515 0.518 0.522 0.525 0.528 0.531 0.533 0.535 0.537 0.539 0.54 0.541 0.541 0.541 0.541 0.54 0.539 0.538 0.537 0.535 0.534 0.533 0.533 0.532 0.532 0.533 0.534
0.166 0.167 0.168 0.169 0.171 0.173 0.174 0.174 0.174 0.174 0.174 0.176 0.179 0.183 0.19 0.198 0.208 0.219 0.231 0.242 0.252 0.262 0.271 0.28 0.288 0.295 0.301 0.307 0.312 0.317 0.322 0.327 0.334 0.341 0.35 0.36 0.37 0.381 0.393 0.404 0.415 0.426 0.436 0.446 0.455 0.463 0.471 0.477 0.482 0.487 0.491 0.495 0.498 0.501 0.504 0.507 0.51 0.513 0.515 0.517 0.519 0.521 0.523 0.524 0.525 0.526 0.526 0.526 0.526 0.526 0.526 0.526 0.526 0.526 0.527 0.528 0.53 0.533
