DCGAN/plot/SedofBasin_0510.grd
DSAA
100 100
0 40
0 40
0 4.497
[rows 34 to 67 of 100, columns 0 to 77 of 100]
3.418 3.396 3.344 3.277 3.204 3.139 3.086 3.052 3.039 3.049 3.08 3.126 3.185 3.252 3.321 3.391 3.453 3.495 3.502 3.459 3.361 3.214 3.034 2.839 2.642 2.454 2.278 2.122 1.987 1.876 1.791 1.731 1.699 1.695 1.721 1.777 1.861 1.965 2.087 2.22 2.359 2.5 2.638 2.771 2.895 3.009 3.109 3.194 3.264 3.32 3.36 3.385 3.396 3.394 3.381 3.358 3.326 3.287 3.243 3.191 3.127 3.051 2.961 2.856 2.735 2.6 2.453 2.297 2.132 1.963 1.792 1.62 1.451 1.286 1.125 0.969 0.818 0.674
3.378 3.361 3.317 3.259 3.199 3.147 3.108 3.09 3.096 3.126 3.18 3.252 3.336 3.429 3.526 3.62 3.702 3.76 3.775 3.733 3.628 3.469 3.273 3.058 2.842 2.636 2.446 2.276 2.129 2.008 1.915 1.85 1.813 1.807 1.83 1.884 1.965 2.068 2.188 2.321 2.46 2.603 2.742 2.875 2.999 3.11 3.206 3.285 3.347 3.39 3.416 3.425 3.42 3.402 3.374 3.338 3.296 3.249 3.199 3.142 3.077 3.001 2.909 2.804 2.685 2.552 2.408 2.255 2.096 1.932 1.765 1.598 1.433 1.272 1.114 0.961 0.812 0.671
3.309 3.297 3.263 3.22 3.174 3.137 3.115 3.114 3.137 3.188 3.263 3.359 3.471 3.59 3.712 3.828 3.927 3.996 4.018 3.975 3.865 3.696 3.486 3.258 3.029 2.81 2.609 2.43 2.277 2.152 2.054 1.987 1.951 1.945 1.968 2.023 2.103 2.206 2.327 2.459 2.599 2.74 2.878 3.009 3.127 3.232 3.319 3.387 3.435 3.464 3.473 3.464 3.441 3.407 3.363 3.315 3.263 3.209 3.151 3.089 3.02 2.94 2.848 2.742 2.622 2.492 2.351 2.202 2.047 1.888 1.727 1.565 1.406 1.249 1.095 0.946 0.801 0.663
3.208 3.202 3.18 3.153 3.127 3.108 3.103 3.12 3.163 3.234 3.332 3.452 3.587 3.73 3.874 4.008 4.12 4.196 4.218 4.173 4.058 3.883 3.666 3.431 3.195 2.97 2.764 2.581 2.424 2.298 2.202 2.137 2.104 2.101 2.128 2.185 2.269 2.374 2.495 2.628 2.768 2.908 3.042 3.166 3.277 3.37 3.444 3.498 3.529 3.54 3.53 3.503 3.461 3.411 3.354 3.293 3.231 3.167 3.102 3.034 2.959 2.875 2.779 2.671 2.552 2.423 2.285 2.139 1.989 1.835 1.68 1.525 1.371 1.219 1.07 0.926 0.786 0.653
3.072 3.073 3.068 3.06 3.054 3.056 3.072 3.109 3.173 3.266 3.386 3.529 3.687 3.851 4.011 4.157 4.274 4.35 4.368 4.318 4.2 4.023 3.805 3.57 3.334 3.109 2.902 2.721 2.567 2.442 2.351 2.291 2.263 2.267 2.3 2.363 2.452 2.561 2.686 2.821 2.96 3.097 3.226 3.342 3.44 3.521 3.578 3.614 3.627 3.618 3.589 3.543 3.484 3.417 3.346 3.275 3.201 3.129 3.055 2.979 2.897 2.806 2.706 2.596 2.477 2.349 2.212 2.07 1.924 1.777 1.627 1.479 1.33 1.185 1.042 0.903 0.768 0.64
2.908 2.917 2.929 2.943 2.96 2.983 3.022 3.081 3.168 3.284 3.426 3.591 3.768 3.948 4.12 4.269 4.383 4.451 4.46 4.405 4.285 4.111 3.899 3.671 3.442 3.223 3.023 2.846 2.698 2.579 2.495 2.442 2.422 2.435 2.477 2.548 2.644 2.759 2.889 3.026 3.166 3.3 3.421 3.527 3.613 3.676 3.716 3.731 3.724 3.696 3.648 3.585 3.509 3.427 3.344 3.26 3.176 3.093 3.01 2.924 2.834 2.737 2.632 2.519 2.398 2.27 2.136 1.997 1.856 1.714 1.571 1.429 1.288 1.149 1.012 0.879 0.75 0.626
2.724 2.743 2.771 2.806 2.847 2.895 2.956 3.039 3.148 3.287 3.45 3.634 3.826 4.016 4.191 4.337 4.442 4.497 4.493 4.431 4.312 4.146 3.948 3.733 3.516 3.309 3.119 2.952 2.813 2.704 2.629 2.586 2.575 2.597 2.649 2.729 2.834 2.957 3.092 3.232 3.372 3.503 3.617 3.712 3.783 3.829 3.85 3.846 3.818 3.771 3.705 3.624 3.534 3.439 3.343 3.247 3.152 3.059 2.965 2.87 2.772 2.668 2.558 2.442 2.319 2.191 2.058 1.923 1.787 1.651 1.514 1.38 1.246 1.113 0.983 0.855 0.731 0.613
2.539 2.564 2.608 2.664 2.727 2.798 2.881 2.985 3.116 3.274 3.455 3.652 3.852 4.045 4.217 4.354 4.446 4.486 4.471 4.404 4.289 4.135 3.953 3.757 3.558 3.366 3.19 3.037 2.91 2.813 2.748 2.716 2.716 2.747 2.809 2.898 3.011 3.142 3.282 3.425 3.564 3.692 3.8 3.883 3.941 3.97 3.973 3.95 3.904 3.837 3.755 3.66 3.557 3.449 3.341 3.234 3.128 3.024 2.92 2.816 2.71 2.6 2.485 2.365 2.241 2.113 1.983 1.851 1.72 1.59 1.461 1.334 1.207 1.081 0.956 0.834 0.715 0.601
2.366 2.398 2.454 2.527 2.609 2.7 2.804 2.926 3.074 3.246 3.439 3.641 3.842 4.03 4.192 4.317 4.395 4.422 4.399 4.331 4.224 4.085 3.922 3.746 3.568 3.396 3.237 3.099 2.987 2.904 2.851 2.83 2.839 2.88 2.95 3.047 3.166 3.301 3.446 3.591 3.729 3.853 3.955 4.03 4.075 4.09 4.077 4.037 3.974 3.892 3.795 3.687 3.571 3.453 3.335 3.216 3.101 2.987 2.874 2.762 2.648 2.532 2.413 2.292 2.167 2.04 1.912 1.784 1.658 1.534 1.412 1.291 1.171 1.052 0.933 0.816 0.702 0.594
2.218 2.253 2.319 2.405 2.503 2.609 2.729 2.866 3.025 3.205 3.401 3.601 3.795 3.971 4.119 4.229 4.294 4.313 4.288 4.223 4.127 4.004 3.862 3.709 3.552 3.4 3.261 3.141 3.045 2.976 2.935 2.925 2.944 2.993 3.069 3.17 3.294 3.431 3.576 3.721 3.859 3.98 4.076 4.144 4.179 4.183 4.158 4.104 4.027 3.931 3.822 3.703 3.578 3.449 3.321 3.194 3.069 2.946 2.826 2.706 2.587 2.467 2.345 2.222 2.097 1.973 1.847 1.723 1.601 1.482 1.366 1.252 1.138 1.025 0.912 0.8 0.692 0.588
2.1 2.137 2.208 2.303 2.412 2.531 2.663 2.81 2.974 3.156 3.346 3.537 3.716 3.875 4.005 4.1 4.156 4.171 4.147 4.091 4.008 3.903 3.781 3.649 3.515 3.385 3.265 3.164 3.085 3.03 3.002 3.002 3.03 3.084 3.164 3.267 3.392 3.528 3.672 3.816 3.951 4.068 4.16 4.222 4.249 4.246 4.211 4.147 4.06 3.954 3.835 3.706 3.572 3.436 3.3 3.165 3.033 2.903 2.776 2.651 2.527 2.404 2.28 2.157 2.033 1.909 1.785 1.664 1.545 1.431 1.32 1.212 1.104 0.995 0.887 0.781 0.677 0.58
2.012 2.051 2.125 2.224 2.341 2.47 2.611 2.764 2.929 3.104 3.282 3.456 3.615 3.753 3.864 3.946 3.994 4.01 3.991 3.946 3.877 3.79 3.688 3.577 3.464 3.355 3.256 3.173 3.11 3.069 3.053 3.062 3.097 3.156 3.237 3.341 3.462 3.596 3.735 3.875 4.006 4.12 4.208 4.265 4.288 4.279 4.237 4.166 4.071 3.958 3.832 3.697 3.556 3.414 3.272 3.132 2.993 2.858 2.726 2.598 2.47 2.344 2.219 2.095 1.971 1.847 1.724 1.604 1.487 1.375 1.268 1.164 1.061 0.957 0.852 0.751 0.654 0.565
1.956 1.995 2.07 2.172 2.293 2.43 2.577 2.733 2.893 3.056 3.215 3.366 3.502 3.618 3.712 3.782 3.827 3.843 3.833 3.8 3.746 3.675 3.592 3.5 3.406 3.316 3.235 3.169 3.121 3.094 3.088 3.106 3.146 3.207 3.29 3.391 3.508 3.637 3.77 3.903 4.029 4.137 4.221 4.275 4.295 4.283 4.237 4.162 4.062 3.944 3.813 3.673 3.53 3.384 3.238 3.094 2.953 2.814 2.679 2.546 2.417 2.288 2.162 2.037 1.911 1.786 1.661 1.539 1.422 1.312 1.207 1.106 1.005 0.904 0.804 0.707 0.619 0.542
1.926 1.965 2.041 2.144 2.27 2.411 2.561 2.716 2.867 3.012 3.148 3.275 3.387 3.483 3.563 3.625 3.666 3.686 3.684 3.662 3.622 3.567 3.499 3.425 3.348 3.275 3.21 3.159 3.124 3.108 3.112 3.136 3.179 3.243 3.324 3.422 3.533 3.653 3.779 3.904 4.021 4.124 4.204 4.254 4.273 4.259 4.212 4.135 4.033 3.912 3.779 3.638 3.492 3.345 3.199 3.054 2.911 2.771 2.633 2.498 2.366 2.235 2.107 1.979 1.851 1.723 1.596 1.472 1.353 1.242 1.139 1.04 0.942 0.844 0.747 0.657 0.578 0.515
1.916 1.955 2.032 2.137 2.265 2.409 2.56 2.709 2.848 2.973 3.086 3.187 3.278 3.359 3.427 3.482 3.522 3.545 3.55 3.539 3.51 3.468 3.416 3.356 3.294 3.236 3.184 3.145 3.121 3.114 3.124 3.153 3.199 3.262 3.342 3.434 3.538 3.65 3.766 3.882 3.991 4.086 4.16 4.208 4.226 4.212 4.165 4.088 3.985 3.864 3.731 3.59 3.445 3.299 3.153 3.008 2.865 2.725 2.587 2.451 2.316 2.184 2.052 1.922 1.791 1.66 1.531 1.404 1.286 1.176 1.075 0.979 0.884 0.79 0.697 0.614 0.546 0.498
1.916 1.958 2.037 2.146 2.276 2.419 2.565 2.705 2.829 2.935 3.027 3.108 3.182 3.25 3.311 3.362 3.401 3.427 3.437 3.433 3.415 3.385 3.345 3.299 3.249 3.202 3.161 3.131 3.114 3.113 3.128 3.16 3.207 3.27 3.345 3.432 3.529 3.631 3.737 3.843 3.942 4.03 4.097 4.142 4.159 4.146 4.1 4.024 3.922 3.801 3.67 3.531 3.389 3.245 3.101 2.958 2.817 2.677 2.538 2.401 2.264 2.129 1.994 1.861 1.728 1.597 1.468 1.346 1.231 1.126 1.029 0.939 0.85 0.761 0.676 0.602 0.545 0.509
1.921 1.967 2.052 2.166 2.296 2.435 2.571 2.697 2.806 2.897 2.973 3.041 3.105 3.165 3.221 3.269 3.307 3.333 3.346 3.347 3.337 3.317 3.288 3.252 3.213 3.174 3.141 3.118 3.106 3.108 3.125 3.158 3.205 3.265 3.337 3.418 3.506 3.601 3.696 3.791 3.88 3.959 4.021 4.062 4.078 4.064 4.02 3.945 3.845 3.727 3.598 3.464 3.324 3.184 3.043 2.903 2.763 2.624 2.484 2.346 2.208 2.07 1.932 1.796 1.663 1.536 1.414 1.301 1.196 1.101 1.014 0.932 0.852 0.773 0.699 0.635 0.589 0.563
1.928 1.98 2.074 2.195 2.325 2.455 2.578 2.688 2.782 2.86 2.928 2.99 3.049 3.108 3.16 3.206 3.241 3.266 3.28 3.283 3.277 3.264 3.244 3.217 3.185 3.153 3.125 3.105 3.096 3.1 3.118 3.149 3.195 3.252 3.319 3.393 3.475 3.559 3.645 3.73 3.809 3.879 3.934 3.971 3.985 3.972 3.929 3.856 3.759 3.645 3.52 3.389 3.255 3.119 2.981 2.843 2.705 2.566 2.426 2.286 2.146 2.005 1.865 1.728 1.598 1.478 1.369 1.271 1.183 1.104 1.03 0.961 0.893 0.828 0.767 0.715 0.679 0.659
1.941 1.999 2.103 2.229 2.359 2.48 2.587 2.68 2.761 2.832 2.897 2.959 3.019 3.077 3.13 3.174 3.207 3.228 3.239 3.241 3.237 3.227 3.211 3.189 3.162 3.134 3.109 3.092 3.084 3.088 3.104 3.134 3.177 3.23 3.291 3.36 3.434 3.51 3.587 3.661 3.732 3.793 3.842 3.874 3.886 3.873 3.831 3.761 3.668 3.558 3.439 3.313 3.184 3.052 2.917 2.781 2.643 2.504 2.363 2.222 2.079 1.936 1.795 1.66 1.536 1.428 1.336 1.258 1.191 1.13 1.073 1.018 0.965 0.914 0.868 0.829 0.802 0.786
1.964 2.029 2.139 2.269 2.397 2.508 2.601 2.681 2.753 2.82 2.886 2.951 3.014 3.074 3.128 3.17 3.2 3.217 3.223 3.221 3.213 3.201 3.185 3.163 3.139 3.113 3.091 3.075 3.068 3.071 3.086 3.113 3.152 3.2 3.257 3.319 3.386 3.454 3.523 3.588 3.65 3.703 3.746 3.773 3.783 3.769 3.729 3.664 3.576 3.473 3.36 3.24 3.115 2.987 2.855 2.72 2.582 2.442 2.298 2.154 2.008 1.865 1.726 1.596 1.482 1.388 1.315 1.258 1.213 1.171 1.131 1.091 1.053 1.017 0.984 0.957 0.936 0.921
2 2.069 2.181 2.31 2.433 2.537 2.621 2.692 2.76 2.826 2.895 2.963 3.031 3.094 3.148 3.19 3.215 3.228 3.228 3.219 3.203 3.185 3.163 3.138 3.112 3.087 3.066 3.051 3.045 3.048 3.062 3.086 3.121 3.165 3.216 3.273 3.332 3.394 3.455 3.513 3.566 3.612 3.648 3.672 3.678 3.665 3.628 3.567 3.486 3.391 3.285 3.172 3.052 2.928 2.798 2.663 2.524 2.38 2.232 2.084 1.936 1.793 1.659 1.539 1.439 1.361 1.307 1.27 1.243 1.219 1.194 1.169 1.144 1.12 1.099 1.081 1.065 1.051
2.042 2.111 2.221 2.346 2.462 2.56 2.639 2.708 2.775 2.844 2.917 2.991 3.064 3.13 3.186 3.226 3.249 3.256 3.248 3.229 3.203 3.172 3.14 3.109 3.079 3.053 3.032 3.019 3.015 3.018 3.031 3.053 3.084 3.123 3.169 3.219 3.273 3.329 3.383 3.435 3.481 3.521 3.552 3.57 3.575 3.561 3.527 3.472 3.4 3.313 3.215 3.108 2.994 2.873 2.745 2.61 2.468 2.32 2.168 2.014 1.864 1.724 1.599 1.492 1.407 1.347 1.309 1.288 1.276 1.266 1.254 1.241 1.227 1.213 1.199 1.187 1.175 1.163
2.078 2.145 2.247 2.363 2.471 2.564 2.642 2.714 2.787 2.863 2.943 3.024 3.102 3.174 3.232 3.271 3.29 3.291 3.275 3.244 3.205 3.16 3.117 3.075 3.04 3.011 2.991 2.979 2.975 2.979 2.992 3.012 3.04 3.075 3.116 3.162 3.211 3.26 3.31 3.356 3.396 3.431 3.456 3.471 3.473 3.46 3.428 3.38 3.315 3.236 3.147 3.046 2.938 2.82 2.694 2.559 2.415 2.263 2.106 1.947 1.797 1.661 1.546 1.454 1.386 1.342 1.318 1.309 1.307 1.306 1.304 1.3 1.294 1.286 1.278 1.269 1.259 1.249
2.096 2.159 2.25 2.351 2.45 2.539 2.619 2.697 2.78 2.867 2.958 3.051 3.138 3.215 3.276 3.315 3.331 3.324 3.297 3.255 3.202 3.145 3.09 3.039 2.996 2.964 2.941 2.93 2.926 2.931 2.944 2.963 2.989 3.02 3.057 3.099 3.145 3.191 3.236 3.277 3.313 3.342 3.364 3.375 3.374 3.36 3.332 3.288 3.231 3.16 3.077 2.984 2.88 2.766 2.642 2.508 2.364 2.209 2.049 1.888 1.737 1.607 1.503 1.427 1.375 1.344 1.33 1.328 1.331 1.335 1.338 1.339 1.337 1.333 1.329 1.322 1.314 1.307
2.089 2.146 2.222 2.307 2.394 2.478 2.561 2.648 2.743 2.846 2.953 3.059 3.159 3.245 3.31 3.349 3.36 3.345 3.308 3.254 3.19 3.122 3.056 2.998 2.948 2.911 2.885 2.871 2.868 2.873 2.886 2.905 2.929 2.959 2.994 3.033 3.077 3.121 3.163 3.201 3.232 3.257 3.275 3.282 3.279 3.264 3.237 3.198 3.145 3.08 3.004 2.916 2.817 2.708 2.588 2.457 2.314 2.16 1.998 1.838 1.69 1.566 1.473 1.41 1.372 1.351 1.343 1.342 1.346 1.35 1.354 1.356 1.356 1.355 1.351 1.346 1.34 1.334
2.058 2.108 2.168 2.236 2.309 2.386 2.472 2.568 2.677 2.796 2.921 3.043 3.156 3.252 3.322 3.361 3.368 3.345 3.297 3.233 3.16 3.085 3.013 2.948 2.893 2.85 2.821 2.805 2.801 2.807 2.821 2.84 2.864 2.893 2.927 2.966 3.008 3.051 3.091 3.126 3.155 3.176 3.189 3.193 3.188 3.172 3.146 3.108 3.06 3 2.928 2.846 2.752 2.648 2.533 2.406 2.267 2.116 1.957 1.8 1.657 1.541 1.458 1.406 1.377 1.363 1.356 1.354 1.354 1.355 1.356 1.356 1.356 1.354 1.352 1.348 1.343 1.34
2.013 2.056 2.1 2.15 2.208 2.278 2.363 2.466 2.586 2.719 2.86 2.997 3.122 3.227 3.303 3.342 3.345 3.315 3.26 3.188 3.109 3.031 2.956 2.888 2.829 2.781 2.749 2.731 2.727 2.735 2.75 2.771 2.797 2.826 2.86 2.898 2.941 2.983 3.021 3.055 3.081 3.099 3.108 3.109 3.101 3.084 3.058 3.021 2.975 2.919 2.852 2.775 2.687 2.588 2.479 2.358 2.225 2.081 1.929 1.777 1.642 1.533 1.459 1.415 1.392 1.379 1.371 1.365 1.36 1.356 1.352 1.349 1.347 1.344 1.342 1.339 1.336 1.334
1.966 2.001 2.03 2.063 2.106 2.167 2.248 2.352 2.478 2.621 2.771 2.918 3.053 3.164 3.243 3.284 3.286 3.251 3.191 3.116 3.036 2.956 2.881 2.813 2.752 2.704 2.67 2.652 2.649 2.659 2.677 2.701 2.728 2.759 2.793 2.833 2.876 2.917 2.955 2.987 3.01 3.026 3.033 3.03 3.02 3 2.973 2.938 2.895 2.841 2.779 2.706 2.623 2.531 2.428 2.315 2.191 2.056 1.914 1.772 1.646 1.546 1.478 1.438 1.415 1.402 1.39 1.378 1.368 1.358 1.35 1.343 1.338 1.335 1.331 1.33 1.328 1.33
1.921 1.949 1.966 1.983 2.011 2.061 2.134 2.234 2.359 2.503 2.656 2.808 2.947 3.061 3.143 3.185 3.186 3.151 3.091 3.016 2.937 2.861 2.789 2.722 2.663 2.615 2.583 2.567 2.569 2.582 2.605 2.632 2.661 2.693 2.73 2.77 2.813 2.855 2.892 2.922 2.944 2.957 2.961 2.955 2.942 2.921 2.893 2.859 2.817 2.767 2.709 2.641 2.564 2.478 2.382 2.278 2.164 2.041 1.911 1.783 1.668 1.576 1.512 1.472 1.447 1.43 1.413 1.395 1.38 1.365 1.353 1.344 1.337 1.332 1.329 1.327 1.329 1.332
1.873 1.896 1.902 1.906 1.922 1.959 2.021 2.111 2.229 2.368 2.519 2.668 2.806 2.92 3.002 3.045 3.048 3.017 2.96 2.89 2.816 2.745 2.678 2.617 2.563 2.52 2.491 2.481 2.486 2.505 2.532 2.563 2.596 2.63 2.668 2.709 2.752 2.794 2.831 2.861 2.881 2.892 2.893 2.884 2.868 2.845 2.816 2.782 2.743 2.696 2.642 2.579 2.508 2.428 2.341 2.245 2.142 2.032 1.916 1.803 1.7 1.616 1.555 1.513 1.483 1.459 1.437 1.416 1.396 1.378 1.364 1.352 1.343 1.338 1.335 1.335 1.338 1.344
1.817 1.834 1.832 1.826 1.83 1.853 1.903 1.98 2.087 2.215 2.358 2.501 2.634 2.745 2.826 2.87 2.878 2.852 2.802 2.741 2.675 2.612 2.553 2.499 2.453 2.417 2.396 2.393 2.404 2.429 2.461 2.495 2.53 2.567 2.606 2.649 2.692 2.735 2.772 2.801 2.819 2.827 2.825 2.814 2.795 2.77 2.741 2.708 2.671 2.627 2.577 2.519 2.453 2.38 2.3 2.213 2.12 2.023 1.922 1.823 1.732 1.656 1.596 1.55 1.516 1.486 1.46 1.435 1.413 1.394 1.378 1.366 1.357 1.351 1.348 1.349 1.355 1.364
1.743 1.757 1.748 1.734 1.728 1.74 1.775 1.839 1.932 2.049 2.18 2.314 2.439 2.545 2.623 2.669 2.681 2.663 2.624 2.573 2.518 2.466 2.417 2.374 2.337 2.311 2.3 2.303 2.323 2.352 2.388 2.426 2.464 2.503 2.543 2.587 2.632 2.675 2.712 2.739 2.755 2.761 2.757 2.743 2.722 2.696 2.667 2.635 2.599 2.558 2.512 2.459 2.399 2.332 2.258 2.179 2.095 2.008 1.92 1.834 1.753 1.684 1.625 1.578 1.539 1.506 1.476 1.451 1.427 1.408 1.393 1.381 1.372 1.367 1.365 1.367 1.375 1.39
1.649 1.659 1.647 1.627 1.613 1.614 1.638 1.688 1.768 1.872 1.99 2.113 2.229 2.328 2.403 2.45 2.467 2.459 2.432 2.394 2.352 2.311 2.274 2.243 2.219 2.204 2.203 2.216 2.241 2.275 2.314 2.354 2.394 2.435 2.478 2.523 2.569 2.613 2.65 2.676 2.691 2.694 2.687 2.672 2.649 2.622 2.592 2.561 2.527 2.49 2.447 2.398 2.343 2.281 2.214 2.141 2.064 1.986 1.907 1.831 1.759 1.694 1.639 1.591 1.551 1.516 1.485 1.46 1.437 1.419 1.405 1.394 1.385 1.381 1.381 1.386 1.397 1.417
1.537 1.543 1.528 1.506 1.487 1.479 1.493 1.532 1.599 1.69 1.797 1.909 2.014 2.106 2.177 2.224 2.248 2.249 2.235 2.21 2.182 2.155 2.131 2.112 2.101 2.099 2.108 2.129 2.159 2.198 2.239 2.281 2.321 2.363 2.407 2.455 2.503 2.548 2.585 2.61 2.623 2.624 2.616 2.598 2.574 2.547 2.517 2.487 2.455 2.42 2.381 2.336 2.285 2.228 2.165 2.097 2.026 1.954 1.883 1.814 1.749 1.689 1.636 1.589 1.548 1.513 1.484 1.459 1.438 1.422 1.409 1.4 1.393 1.391 1.393 1.401 1.417 1.441
