DCGAN/plot/SedofBasin_0790.grd
DSAA
100 100
0 40
0 40
0.526 2.503
[rows 34 to 67 of 100, columns 0 to 77 of 100]
1.167 1.177 1.197 1.225 1.259 1.297 1.337 1.377 1.415 1.45 1.483 1.511 1.536 1.559 1.58 1.6 1.621 1.643 1.667 1.692 1.719 1.746 1.773 1.798 1.821 1.842 1.861 1.879 1.896 1.912 1.928 1.943 1.956 1.969 1.98 1.989 1.996 2.002 2.007 2.012 2.018 2.025 2.033 2.041 2.049 2.055 2.06 2.062 2.062 2.06 2.056 2.052 2.049 2.046 2.043 2.042 2.041 2.041 2.041 2.04 2.039 2.036 2.033 2.03 2.026 2.023 2.021 2.019 2.018 2.017 2.015 2.012 2.006 1.998 1.987 1.975 1.96 1.944
1.15 1.161 1.181 1.21 1.244 1.283 1.324 1.365 1.404 1.441 1.475 1.505 1.531 1.555 1.576 1.598 1.619 1.642 1.667 1.693 1.72 1.747 1.774 1.799 1.823 1.844 1.864 1.882 1.899 1.915 1.931 1.946 1.96 1.973 1.984 1.993 2 2.006 2.012 2.018 2.025 2.033 2.043 2.052 2.062 2.069 2.075 2.077 2.077 2.075 2.071 2.067 2.062 2.059 2.056 2.055 2.055 2.055 2.055 2.055 2.054 2.052 2.049 2.046 2.043 2.041 2.04 2.04 2.04 2.04 2.038 2.035 2.03 2.022 2.011 1.997 1.982 1.964
1.133 1.144 1.164 1.193 1.228 1.267 1.309 1.351 1.391 1.429 1.464 1.495 1.523 1.548 1.571 1.594 1.617 1.641 1.666 1.693 1.72 1.748 1.775 1.8 1.824 1.845 1.865 1.883 1.901 1.917 1.934 1.949 1.963 1.976 1.986 1.995 2.003 2.009 2.015 2.022 2.03 2.04 2.051 2.062 2.072 2.081 2.087 2.09 2.09 2.088 2.083 2.078 2.074 2.07 2.067 2.066 2.065 2.066 2.066 2.067 2.066 2.065 2.063 2.061 2.059 2.058 2.057 2.058 2.059 2.06 2.06 2.057 2.052 2.044 2.033 2.019 2.003 1.984
1.114 1.125 1.145 1.174 1.209 1.249 1.291 1.334 1.375 1.414 1.45 1.483 1.513 1.539 1.564 1.588 1.613 1.638 1.664 1.692 1.72 1.748 1.775 1.8 1.824 1.846 1.866 1.884 1.902 1.919 1.935 1.95 1.964 1.977 1.987 1.996 2.004 2.01 2.017 2.025 2.034 2.045 2.057 2.07 2.081 2.091 2.097 2.101 2.101 2.098 2.093 2.088 2.083 2.079 2.076 2.074 2.074 2.075 2.076 2.077 2.077 2.076 2.075 2.073 2.073 2.073 2.074 2.076 2.078 2.079 2.08 2.078 2.073 2.064 2.053 2.039 2.022 2.003
1.092 1.102 1.123 1.152 1.187 1.227 1.269 1.313 1.355 1.396 1.433 1.467 1.499 1.527 1.554 1.58 1.606 1.633 1.661 1.689 1.718 1.746 1.774 1.799 1.823 1.845 1.865 1.884 1.902 1.919 1.935 1.95 1.964 1.976 1.987 1.995 2.003 2.01 2.018 2.026 2.037 2.049 2.062 2.075 2.088 2.098 2.105 2.108 2.108 2.105 2.101 2.095 2.09 2.086 2.083 2.082 2.082 2.083 2.084 2.086 2.086 2.086 2.086 2.085 2.086 2.087 2.089 2.092 2.095 2.097 2.098 2.096 2.091 2.083 2.072 2.057 2.041 2.022
1.066 1.076 1.096 1.125 1.161 1.201 1.244 1.288 1.331 1.373 1.412 1.448 1.481 1.512 1.541 1.569 1.598 1.626 1.655 1.685 1.714 1.743 1.771 1.797 1.821 1.843 1.864 1.883 1.9 1.917 1.934 1.949 1.962 1.974 1.985 1.993 2.001 2.009 2.017 2.026 2.038 2.051 2.065 2.08 2.093 2.103 2.11 2.114 2.114 2.111 2.106 2.101 2.096 2.092 2.089 2.089 2.089 2.091 2.093 2.094 2.096 2.096 2.097 2.097 2.099 2.101 2.104 2.107 2.111 2.114 2.114 2.113 2.108 2.1 2.089 2.075 2.058 2.039
1.035 1.045 1.066 1.094 1.13 1.17 1.214 1.258 1.303 1.346 1.387 1.425 1.46 1.494 1.525 1.556 1.586 1.616 1.647 1.678 1.708 1.738 1.767 1.793 1.818 1.84 1.861 1.88 1.898 1.915 1.931 1.946 1.959 1.971 1.981 1.99 1.998 2.006 2.015 2.026 2.038 2.052 2.067 2.082 2.095 2.106 2.114 2.117 2.118 2.115 2.111 2.106 2.101 2.097 2.095 2.095 2.096 2.099 2.101 2.104 2.106 2.107 2.108 2.11 2.112 2.115 2.119 2.123 2.126 2.129 2.13 2.128 2.123 2.115 2.104 2.09 2.074 2.056
1 1.01 1.03 1.059 1.094 1.135 1.179 1.224 1.27 1.314 1.357 1.397 1.436 1.472 1.506 1.539 1.572 1.604 1.637 1.669 1.7 1.731 1.76 1.787 1.812 1.835 1.856 1.875 1.893 1.91 1.926 1.941 1.954 1.966 1.976 1.985 1.993 2.002 2.012 2.023 2.037 2.052 2.067 2.082 2.096 2.107 2.115 2.119 2.12 2.118 2.114 2.11 2.106 2.103 2.102 2.102 2.105 2.108 2.111 2.114 2.117 2.119 2.121 2.124 2.126 2.13 2.133 2.137 2.141 2.143 2.144 2.142 2.137 2.129 2.118 2.105 2.089 2.071
0.961 0.971 0.991 1.019 1.054 1.095 1.139 1.185 1.232 1.278 1.323 1.366 1.407 1.446 1.483 1.519 1.555 1.589 1.623 1.657 1.69 1.721 1.751 1.779 1.804 1.828 1.849 1.869 1.887 1.904 1.92 1.934 1.947 1.959 1.969 1.978 1.987 1.997 2.008 2.02 2.034 2.049 2.065 2.081 2.095 2.106 2.114 2.119 2.12 2.119 2.116 2.113 2.11 2.109 2.109 2.111 2.114 2.118 2.122 2.127 2.13 2.133 2.136 2.139 2.142 2.145 2.149 2.152 2.155 2.157 2.156 2.154 2.149 2.141 2.131 2.118 2.103 2.086
0.918 0.928 0.947 0.975 1.01 1.051 1.095 1.142 1.19 1.238 1.285 1.331 1.375 1.417 1.457 1.496 1.534 1.571 1.607 1.642 1.676 1.709 1.739 1.768 1.794 1.818 1.84 1.86 1.878 1.896 1.911 1.926 1.939 1.95 1.961 1.971 1.98 1.99 2.002 2.015 2.03 2.045 2.062 2.078 2.092 2.104 2.112 2.117 2.12 2.12 2.118 2.117 2.116 2.116 2.117 2.121 2.125 2.131 2.136 2.141 2.146 2.149 2.153 2.155 2.158 2.161 2.164 2.167 2.169 2.17 2.169 2.165 2.16 2.152 2.142 2.13 2.116 2.101
0.873 0.883 0.902 0.929 0.964 1.004 1.049 1.096 1.145 1.195 1.244 1.292 1.339 1.384 1.428 1.47 1.511 1.55 1.588 1.625 1.66 1.693 1.725 1.754 1.781 1.805 1.828 1.849 1.868 1.885 1.901 1.916 1.929 1.94 1.951 1.961 1.971 1.982 1.994 2.008 2.023 2.039 2.056 2.072 2.087 2.099 2.108 2.114 2.118 2.12 2.12 2.12 2.121 2.123 2.127 2.132 2.139 2.145 2.152 2.158 2.164 2.168 2.171 2.174 2.176 2.179 2.181 2.182 2.183 2.183 2.18 2.176 2.17 2.163 2.153 2.142 2.129 2.115
0.827 0.836 0.855 0.881 0.915 0.955 1 1.048 1.098 1.149 1.2 1.251 1.3 1.349 1.395 1.441 1.484 1.526 1.566 1.605 1.641 1.675 1.708 1.737 1.765 1.79 1.814 1.835 1.855 1.872 1.889 1.903 1.917 1.928 1.939 1.95 1.961 1.972 1.985 1.999 2.015 2.031 2.048 2.064 2.079 2.092 2.103 2.11 2.116 2.119 2.122 2.124 2.127 2.132 2.138 2.145 2.153 2.162 2.17 2.178 2.184 2.189 2.192 2.194 2.196 2.197 2.198 2.198 2.198 2.196 2.192 2.188 2.181 2.174 2.164 2.154 2.142 2.129
0.781 0.79 0.808 0.834 0.867 0.907 0.951 0.999 1.05 1.102 1.155 1.208 1.26 1.311 1.361 1.409 1.456 1.5 1.542 1.582 1.62 1.655 1.688 1.719 1.747 1.773 1.797 1.819 1.839 1.858 1.874 1.889 1.903 1.915 1.926 1.937 1.948 1.96 1.973 1.988 2.004 2.021 2.038 2.055 2.07 2.084 2.096 2.105 2.112 2.118 2.123 2.128 2.134 2.141 2.15 2.159 2.17 2.18 2.19 2.199 2.206 2.211 2.215 2.216 2.217 2.217 2.217 2.215 2.213 2.21 2.205 2.2 2.193 2.185 2.176 2.166 2.155 2.143
0.737 0.746 0.763 0.788 0.821 0.859 0.903 0.952 1.003 1.056 1.111 1.166 1.22 1.274 1.326 1.377 1.426 1.472 1.516 1.558 1.597 1.633 1.667 1.699 1.728 1.755 1.779 1.802 1.823 1.841 1.858 1.874 1.887 1.9 1.911 1.923 1.934 1.947 1.96 1.975 1.991 2.008 2.025 2.043 2.059 2.075 2.088 2.099 2.109 2.117 2.125 2.133 2.141 2.151 2.162 2.175 2.187 2.2 2.212 2.222 2.23 2.235 2.238 2.24 2.24 2.238 2.236 2.234 2.23 2.225 2.22 2.213 2.206 2.198 2.189 2.18 2.169 2.157
0.696 0.705 0.721 0.746 0.777 0.815 0.859 0.907 0.959 1.013 1.068 1.125 1.181 1.236 1.291 1.344 1.395 1.444 1.49 1.533 1.573 1.611 1.645 1.678 1.707 1.735 1.76 1.784 1.805 1.824 1.841 1.857 1.871 1.884 1.895 1.907 1.919 1.931 1.945 1.96 1.976 1.994 2.012 2.03 2.048 2.064 2.079 2.093 2.105 2.116 2.127 2.137 2.149 2.162 2.175 2.19 2.205 2.22 2.234 2.245 2.254 2.26 2.263 2.264 2.264 2.261 2.258 2.254 2.249 2.243 2.237 2.229 2.221 2.213 2.204 2.194 2.184 2.172
0.66 0.668 0.684 0.708 0.739 0.776 0.819 0.867 0.919 0.973 1.029 1.087 1.144 1.201 1.257 1.312 1.365 1.415 1.463 1.508 1.549 1.588 1.623 1.656 1.687 1.715 1.741 1.765 1.786 1.806 1.823 1.839 1.854 1.867 1.879 1.891 1.903 1.916 1.929 1.945 1.961 1.979 1.997 2.016 2.035 2.053 2.071 2.087 2.101 2.115 2.129 2.142 2.157 2.172 2.188 2.206 2.223 2.24 2.256 2.269 2.279 2.285 2.289 2.29 2.288 2.285 2.281 2.276 2.27 2.263 2.256 2.248 2.239 2.23 2.22 2.21 2.199 2.187
0.628 0.636 0.652 0.675 0.705 0.742 0.785 0.832 0.884 0.938 0.995 1.053 1.111 1.169 1.226 1.282 1.336 1.388 1.437 1.483 1.525 1.565 1.602 1.636 1.667 1.695 1.722 1.746 1.768 1.788 1.806 1.822 1.836 1.85 1.862 1.874 1.887 1.9 1.914 1.929 1.946 1.964 1.983 2.003 2.023 2.043 2.062 2.081 2.098 2.115 2.131 2.147 2.164 2.182 2.201 2.221 2.241 2.26 2.277 2.291 2.303 2.311 2.315 2.316 2.314 2.311 2.306 2.3 2.293 2.286 2.278 2.269 2.259 2.249 2.238 2.227 2.215 2.202
0.602 0.61 0.625 0.648 0.677 0.714 0.756 0.803 0.854 0.909 0.965 1.023 1.082 1.14 1.198 1.255 1.31 1.362 1.412 1.459 1.503 1.543 1.581 1.616 1.647 1.677 1.703 1.728 1.75 1.77 1.788 1.805 1.82 1.833 1.846 1.859 1.871 1.885 1.899 1.914 1.931 1.95 1.97 1.991 2.012 2.034 2.055 2.076 2.096 2.115 2.134 2.153 2.172 2.192 2.214 2.235 2.257 2.278 2.297 2.313 2.326 2.335 2.34 2.341 2.34 2.337 2.332 2.326 2.319 2.311 2.302 2.292 2.282 2.27 2.258 2.245 2.232 2.218
0.581 0.588 0.603 0.626 0.655 0.691 0.733 0.779 0.83 0.885 0.941 0.999 1.057 1.116 1.173 1.23 1.285 1.338 1.389 1.436 1.481 1.523 1.561 1.597 1.63 1.659 1.686 1.711 1.734 1.754 1.772 1.789 1.804 1.818 1.832 1.845 1.857 1.871 1.885 1.901 1.918 1.937 1.958 1.98 2.003 2.027 2.05 2.073 2.095 2.116 2.137 2.158 2.18 2.202 2.225 2.249 2.272 2.295 2.315 2.333 2.347 2.357 2.363 2.366 2.365 2.363 2.358 2.352 2.345 2.337 2.328 2.318 2.306 2.292 2.278 2.264 2.249 2.233
0.564 0.572 0.586 0.608 0.637 0.673 0.714 0.761 0.812 0.866 0.922 0.979 1.037 1.095 1.152 1.208 1.263 1.316 1.367 1.416 1.461 1.504 1.543 1.58 1.613 1.643 1.671 1.696 1.719 1.739 1.758 1.775 1.791 1.805 1.819 1.832 1.846 1.859 1.874 1.89 1.908 1.927 1.949 1.972 1.996 2.021 2.046 2.071 2.095 2.118 2.141 2.164 2.187 2.211 2.235 2.26 2.285 2.309 2.331 2.351 2.366 2.378 2.385 2.389 2.389 2.388 2.384 2.379 2.373 2.365 2.355 2.344 2.331 2.316 2.3 2.283 2.266 2.248
0.551 0.559 0.573 0.595 0.624 0.659 0.701 0.747 0.798 0.851 0.907 0.964 1.021 1.078 1.134 1.19 1.244 1.297 1.348 1.396 1.443 1.486 1.526 1.564 1.598 1.629 1.657 1.682 1.705 1.726 1.745 1.763 1.779 1.794 1.809 1.822 1.836 1.85 1.865 1.881 1.899 1.919 1.941 1.966 1.991 2.018 2.045 2.071 2.097 2.122 2.146 2.17 2.194 2.219 2.244 2.27 2.296 2.322 2.345 2.365 2.382 2.395 2.404 2.41 2.412 2.412 2.409 2.405 2.4 2.392 2.382 2.37 2.356 2.339 2.321 2.302 2.283 2.262
0.542 0.549 0.563 0.585 0.614 0.649 0.69 0.737 0.787 0.84 0.896 0.952 1.008 1.064 1.119 1.174 1.227 1.279 1.33 1.379 1.426 1.47 1.511 1.55 1.585 1.616 1.645 1.671 1.694 1.715 1.735 1.753 1.77 1.786 1.801 1.815 1.829 1.843 1.858 1.875 1.893 1.914 1.937 1.962 1.989 2.017 2.045 2.073 2.1 2.126 2.151 2.176 2.201 2.226 2.252 2.279 2.306 2.332 2.356 2.378 2.396 2.411 2.421 2.428 2.432 2.433 2.433 2.43 2.426 2.419 2.409 2.396 2.381 2.363 2.343 2.321 2.299 2.276
0.534 0.542 0.556 0.578 0.607 0.642 0.683 0.73 0.78 0.833 0.888 0.943 0.998 1.053 1.107 1.161 1.213 1.265 1.315 1.364 1.411 1.456 1.498 1.537 1.573 1.605 1.634 1.661 1.684 1.706 1.727 1.745 1.763 1.779 1.795 1.81 1.824 1.839 1.854 1.871 1.889 1.91 1.934 1.961 1.989 2.018 2.048 2.077 2.105 2.131 2.157 2.182 2.207 2.232 2.259 2.286 2.313 2.34 2.365 2.388 2.407 2.423 2.435 2.444 2.449 2.452 2.453 2.452 2.449 2.443 2.434 2.421 2.404 2.385 2.363 2.339 2.314 2.289
0.529 0.537 0.551 0.573 0.602 0.637 0.679 0.725 0.775 0.828 0.882 0.937 0.991 1.045 1.098 1.15 1.202 1.252 1.302 1.351 1.398 1.444 1.486 1.526 1.563 1.596 1.626 1.652 1.677 1.699 1.72 1.74 1.758 1.775 1.791 1.807 1.822 1.836 1.852 1.869 1.888 1.91 1.934 1.961 1.991 2.021 2.052 2.081 2.11 2.137 2.162 2.187 2.212 2.237 2.263 2.291 2.318 2.345 2.371 2.395 2.415 2.432 2.446 2.456 2.463 2.468 2.471 2.471 2.469 2.464 2.455 2.442 2.425 2.405 2.381 2.355 2.328 2.3
0.526 0.534 0.549 0.571 0.6 0.635 0.677 0.723 0.773 0.826 0.879 0.933 0.987 1.04 1.092 1.143 1.193 1.243 1.292 1.341 1.388 1.434 1.477 1.517 1.554 1.588 1.619 1.646 1.671 1.694 1.716 1.736 1.755 1.773 1.79 1.806 1.821 1.836 1.852 1.869 1.888 1.911 1.936 1.964 1.994 2.026 2.057 2.087 2.115 2.142 2.167 2.192 2.216 2.241 2.267 2.294 2.321 2.349 2.375 2.399 2.421 2.439 2.453 2.465 2.474 2.48 2.484 2.487 2.486 2.482 2.473 2.461 2.443 2.422 2.396 2.369 2.339 2.309
0.526 0.533 0.548 0.57 0.6 0.635 0.677 0.723 0.773 0.826 0.879 0.933 0.985 1.037 1.088 1.138 1.188 1.237 1.286 1.334 1.381 1.427 1.47 1.511 1.548 1.582 1.614 1.642 1.667 1.691 1.714 1.735 1.754 1.773 1.79 1.806 1.821 1.837 1.853 1.87 1.89 1.913 1.94 1.969 1.999 2.031 2.062 2.093 2.121 2.147 2.171 2.195 2.218 2.243 2.268 2.295 2.322 2.35 2.376 2.401 2.423 2.441 2.457 2.47 2.48 2.487 2.493 2.497 2.497 2.494 2.487 2.474 2.457 2.434 2.408 2.379 2.348 2.316
0.528 0.535 0.55 0.573 0.602 0.638 0.68 0.726 0.776 0.828 0.881 0.934 0.987 1.038 1.088 1.137 1.186 1.234 1.283 1.33 1.377 1.423 1.466 1.507 1.544 1.579 1.61 1.639 1.665 1.69 1.713 1.734 1.755 1.774 1.791 1.808 1.823 1.839 1.855 1.873 1.894 1.918 1.944 1.974 2.005 2.037 2.068 2.098 2.126 2.151 2.174 2.197 2.219 2.243 2.268 2.294 2.321 2.348 2.375 2.399 2.421 2.441 2.457 2.47 2.481 2.49 2.497 2.501 2.503 2.501 2.494 2.482 2.465 2.443 2.416 2.386 2.353 2.32
0.532 0.54 0.555 0.578 0.607 0.643 0.685 0.732 0.781 0.833 0.886 0.939 0.991 1.042 1.091 1.14 1.188 1.236 1.283 1.33 1.377 1.422 1.465 1.505 1.543 1.578 1.609 1.638 1.665 1.69 1.714 1.736 1.756 1.776 1.793 1.81 1.826 1.842 1.859 1.877 1.899 1.923 1.95 1.98 2.012 2.043 2.074 2.103 2.13 2.154 2.176 2.197 2.219 2.241 2.265 2.29 2.317 2.344 2.37 2.394 2.416 2.436 2.452 2.466 2.477 2.487 2.495 2.5 2.503 2.502 2.496 2.485 2.468 2.446 2.419 2.388 2.355 2.32
0.539 0.547 0.562 0.585 0.615 0.651 0.693 0.74 0.79 0.842 0.894 0.947 0.998 1.049 1.098 1.146 1.194 1.241 1.288 1.334 1.38 1.424 1.467 1.507 1.544 1.578 1.61 1.639 1.666 1.692 1.715 1.738 1.759 1.778 1.797 1.813 1.83 1.846 1.863 1.882 1.904 1.929 1.957 1.987 2.018 2.049 2.079 2.107 2.133 2.155 2.176 2.196 2.216 2.237 2.26 2.285 2.31 2.337 2.362 2.386 2.408 2.427 2.443 2.457 2.468 2.479 2.487 2.494 2.497 2.497 2.492 2.482 2.465 2.444 2.417 2.386 2.352 2.317
0.549 0.556 0.572 0.595 0.625 0.662 0.704 0.75 0.8 0.852 0.905 0.958 1.009 1.059 1.108 1.156 1.203 1.25 1.296 1.342 1.386 1.43 1.471 1.511 1.547 1.581 1.612 1.641 1.668 1.694 1.718 1.741 1.762 1.782 1.8 1.817 1.834 1.851 1.868 1.888 1.91 1.935 1.963 1.993 2.024 2.055 2.084 2.111 2.134 2.156 2.175 2.193 2.212 2.232 2.254 2.277 2.302 2.327 2.352 2.375 2.396 2.414 2.43 2.444 2.455 2.466 2.475 2.482 2.486 2.487 2.483 2.473 2.458 2.437 2.41 2.38 2.347 2.311
0.56 0.568 0.583 0.607 0.637 0.674 0.716 0.763 0.814 0.866 0.919 0.971 1.023 1.073 1.122 1.17 1.216 1.262 1.307 1.352 1.396 1.438 1.478 1.516 1.552 1.585 1.616 1.645 1.671 1.697 1.721 1.744 1.765 1.785 1.804 1.821 1.838 1.856 1.874 1.894 1.917 1.942 1.97 2 2.03 2.06 2.087 2.113 2.135 2.155 2.173 2.19 2.207 2.226 2.246 2.269 2.292 2.317 2.34 2.362 2.382 2.399 2.414 2.428 2.439 2.45 2.459 2.467 2.471 2.473 2.469 2.461 2.446 2.426 2.4 2.371 2.338 2.303
0.572 0.58 0.596 0.62 0.65 0.688 0.731 0.778 0.829 0.881 0.935 0.988 1.039 1.09 1.139 1.186 1.232 1.277 1.321 1.365 1.407 1.448 1.487 1.524 1.558 1.59 1.62 1.648 1.675 1.7 1.724 1.746 1.768 1.788 1.807 1.825 1.843 1.861 1.88 1.9 1.923 1.949 1.976 2.005 2.035 2.063 2.089 2.113 2.134 2.152 2.169 2.185 2.201 2.219 2.238 2.259 2.282 2.305 2.327 2.348 2.367 2.383 2.397 2.41 2.421 2.432 2.441 2.449 2.454 2.456 2.453 2.445 2.431 2.412 2.387 2.359 2.327 2.292
0.585 0.593 0.609 0.634 0.665 0.703 0.746 0.794 0.845 0.899 0.952 1.006 1.058 1.109 1.157 1.204 1.25 1.294 1.337 1.379 1.42 1.459 1.497 1.532 1.565 1.596 1.625 1.652 1.678 1.702 1.726 1.748 1.77 1.79 1.81 1.828 1.846 1.865 1.885 1.906 1.929 1.954 1.981 2.01 2.038 2.065 2.09 2.112 2.132 2.149 2.164 2.179 2.194 2.211 2.229 2.25 2.271 2.293 2.314 2.334 2.351 2.367 2.38 2.392 2.403 2.413 2.422 2.43 2.435 2.437 2.435 2.428 2.415 2.396 2.373 2.345 2.314 2.281
0.598 0.607 0.624 0.648 0.68 0.719 0.763 0.811 0.863 0.917 0.971 1.025 1.078 1.129 1.177 1.224 1.269 1.312 1.354 1.394 1.433 1.471 1.506 1.54 1.572 1.601 1.629 1.655 1.68 1.704 1.727 1.749 1.771 1.791 1.811 1.83 1.849 1.868 1.889 1.91 1.933 1.958 1.985 2.012 2.039 2.065 2.088 2.109 2.128 2.144 2.158 2.172 2.187 2.203 2.22 2.24 2.26 2.281 2.301 2.32 2.337 2.351 2.363 2.375 2.385 2.395 2.404 2.411 2.416 2.419 2.416 2.409 2.397 2.38 2.357 2.331 2.301 2.269
