DCGAN/plot/SedofBasin_0220.grd
DSAA
100 100
0 40
0 40
0.019 1.158
[rows 0 to 33 of 100, columns 0 to 77 of 100]
1.082 1.075 1.062 1.043 1.019 0.992 0.962 0.933 0.907 0.885 0.869 0.859 0.854 0.854 0.856 0.858 0.858 0.856 0.851 0.844 0.836 0.829 0.824 0.822 0.821 0.821 0.819 0.813 0.803 0.788 0.767 0.742 0.715 0.686 0.658 0.631 0.607 0.586 0.568 0.553 0.541 0.531 0.522 0.514 0.506 0.497 0.486 0.474 0.46 0.447 0.433 0.42 0.408 0.398 0.39 0.384 0.38 0.378 0.378 0.38 0.383 0.387 0.393 0.4 0.407 0.416 0.427 0.44 0.457 0.476 0.499 0.524 0.551 0.577 0.601 0.62 0.631 0.633
1.076 1.07 1.057 1.038 1.015 0.988 0.959 0.932 0.907 0.886 0.871 0.863 0.86 0.861 0.864 0.866 0.867 0.864 0.859 0.851 0.842 0.834 0.829 0.825 0.823 0.821 0.818 0.812 0.801 0.785 0.764 0.739 0.712 0.684 0.656 0.629 0.605 0.584 0.566 0.552 0.54 0.53 0.522 0.514 0.505 0.496 0.485 0.473 0.459 0.445 0.432 0.419 0.407 0.397 0.389 0.383 0.38 0.378 0.378 0.38 0.383 0.387 0.393 0.4 0.408 0.417 0.428 0.441 0.457 0.476 0.498 0.523 0.55 0.576 0.599 0.617 0.627 0.628
1.065 1.058 1.046 1.028 1.006 0.98 0.954 0.929 0.907 0.889 0.878 0.872 0.871 0.874 0.878 0.882 0.882 0.88 0.874 0.865 0.855 0.845 0.837 0.831 0.826 0.822 0.817 0.809 0.797 0.78 0.759 0.734 0.707 0.678 0.651 0.625 0.601 0.58 0.563 0.549 0.537 0.528 0.52 0.512 0.503 0.494 0.483 0.471 0.457 0.443 0.43 0.417 0.405 0.396 0.388 0.382 0.379 0.377 0.378 0.38 0.383 0.388 0.393 0.4 0.408 0.418 0.429 0.442 0.458 0.476 0.498 0.522 0.547 0.572 0.593 0.61 0.619 0.619
1.049 1.043 1.031 1.015 0.994 0.971 0.948 0.926 0.908 0.895 0.887 0.885 0.888 0.894 0.899 0.904 0.905 0.902 0.894 0.884 0.872 0.86 0.848 0.839 0.831 0.823 0.815 0.804 0.79 0.773 0.751 0.726 0.699 0.671 0.644 0.618 0.595 0.575 0.559 0.545 0.534 0.525 0.517 0.509 0.501 0.491 0.48 0.468 0.454 0.44 0.427 0.414 0.403 0.394 0.386 0.381 0.378 0.377 0.377 0.38 0.383 0.388 0.394 0.401 0.41 0.419 0.43 0.443 0.459 0.477 0.498 0.52 0.544 0.566 0.586 0.6 0.607 0.606
1.031 1.025 1.015 0.999 0.981 0.962 0.942 0.925 0.912 0.904 0.901 0.904 0.91 0.918 0.926 0.931 0.932 0.928 0.92 0.907 0.893 0.877 0.863 0.849 0.837 0.825 0.813 0.799 0.783 0.763 0.741 0.715 0.688 0.661 0.635 0.61 0.588 0.569 0.553 0.54 0.53 0.521 0.514 0.506 0.497 0.488 0.476 0.464 0.451 0.437 0.424 0.411 0.401 0.392 0.385 0.38 0.377 0.377 0.378 0.38 0.384 0.39 0.396 0.403 0.412 0.422 0.433 0.446 0.461 0.478 0.497 0.518 0.539 0.559 0.576 0.588 0.593 0.59
1.012 1.007 0.998 0.985 0.97 0.954 0.94 0.928 0.92 0.918 0.921 0.928 0.937 0.948 0.956 0.962 0.962 0.957 0.947 0.933 0.915 0.897 0.878 0.86 0.843 0.827 0.811 0.794 0.774 0.753 0.729 0.703 0.676 0.649 0.624 0.6 0.579 0.561 0.546 0.534 0.524 0.517 0.509 0.502 0.493 0.483 0.472 0.46 0.447 0.433 0.42 0.409 0.399 0.39 0.384 0.38 0.378 0.377 0.379 0.382 0.386 0.392 0.399 0.407 0.415 0.425 0.436 0.449 0.463 0.48 0.497 0.515 0.534 0.551 0.564 0.573 0.576 0.571
0.995 0.991 0.983 0.973 0.962 0.951 0.942 0.936 0.935 0.938 0.945 0.956 0.968 0.98 0.989 0.994 0.993 0.987 0.975 0.958 0.938 0.916 0.894 0.872 0.851 0.83 0.809 0.788 0.765 0.741 0.716 0.689 0.663 0.636 0.611 0.588 0.568 0.552 0.538 0.527 0.518 0.511 0.504 0.497 0.488 0.479 0.468 0.455 0.443 0.43 0.418 0.407 0.397 0.39 0.384 0.381 0.379 0.379 0.381 0.385 0.39 0.396 0.403 0.411 0.42 0.43 0.441 0.453 0.467 0.481 0.497 0.512 0.528 0.541 0.552 0.557 0.557 0.55
0.983 0.98 0.974 0.967 0.96 0.954 0.951 0.951 0.955 0.963 0.975 0.989 1.003 1.015 1.023 1.026 1.024 1.015 1.001 0.982 0.959 0.935 0.909 0.883 0.858 0.833 0.807 0.782 0.756 0.73 0.702 0.675 0.648 0.622 0.598 0.576 0.558 0.542 0.53 0.52 0.512 0.505 0.499 0.491 0.483 0.474 0.463 0.451 0.439 0.427 0.416 0.406 0.397 0.39 0.386 0.383 0.382 0.383 0.385 0.39 0.395 0.401 0.409 0.417 0.426 0.436 0.447 0.458 0.471 0.483 0.496 0.509 0.521 0.531 0.538 0.541 0.538 0.529
0.977 0.975 0.972 0.969 0.966 0.965 0.967 0.972 0.982 0.995 1.009 1.025 1.039 1.05 1.056 1.057 1.051 1.04 1.023 1.002 0.977 0.95 0.922 0.893 0.864 0.835 0.806 0.777 0.747 0.718 0.689 0.661 0.633 0.608 0.584 0.564 0.547 0.533 0.521 0.513 0.505 0.499 0.493 0.486 0.478 0.469 0.459 0.448 0.436 0.425 0.415 0.406 0.399 0.393 0.389 0.387 0.387 0.388 0.391 0.396 0.402 0.408 0.416 0.424 0.433 0.443 0.453 0.464 0.474 0.485 0.495 0.505 0.513 0.52 0.524 0.523 0.518 0.508
0.98 0.979 0.978 0.978 0.979 0.983 0.99 1 1.013 1.029 1.046 1.061 1.074 1.083 1.086 1.083 1.074 1.059 1.04 1.017 0.991 0.962 0.932 0.901 0.869 0.837 0.804 0.771 0.739 0.707 0.676 0.647 0.619 0.594 0.571 0.552 0.536 0.524 0.513 0.506 0.499 0.493 0.487 0.481 0.473 0.465 0.455 0.445 0.435 0.425 0.416 0.409 0.402 0.398 0.395 0.393 0.394 0.396 0.399 0.404 0.41 0.417 0.424 0.432 0.441 0.45 0.46 0.469 0.478 0.486 0.493 0.5 0.505 0.508 0.509 0.506 0.499 0.487
0.99 0.99 0.991 0.994 0.999 1.006 1.017 1.031 1.047 1.065 1.082 1.096 1.107 1.112 1.111 1.104 1.091 1.073 1.052 1.027 0.999 0.97 0.939 0.906 0.872 0.837 0.802 0.766 0.731 0.697 0.664 0.634 0.606 0.581 0.56 0.542 0.527 0.515 0.507 0.499 0.494 0.488 0.483 0.477 0.47 0.462 0.453 0.445 0.436 0.427 0.419 0.413 0.408 0.404 0.402 0.402 0.403 0.406 0.409 0.414 0.42 0.426 0.434 0.441 0.449 0.458 0.466 0.473 0.48 0.486 0.491 0.494 0.496 0.496 0.494 0.489 0.48 0.467
1.006 1.008 1.01 1.015 1.022 1.032 1.046 1.062 1.08 1.097 1.113 1.126 1.133 1.134 1.129 1.118 1.101 1.081 1.057 1.031 1.002 0.972 0.941 0.907 0.872 0.836 0.798 0.761 0.723 0.687 0.654 0.622 0.594 0.57 0.549 0.533 0.519 0.509 0.501 0.495 0.489 0.484 0.479 0.474 0.468 0.461 0.453 0.446 0.438 0.431 0.425 0.42 0.416 0.413 0.412 0.412 0.414 0.417 0.421 0.426 0.431 0.437 0.444 0.451 0.458 0.464 0.471 0.477 0.481 0.485 0.487 0.487 0.487 0.484 0.48 0.473 0.462 0.448
1.026 1.027 1.031 1.037 1.046 1.057 1.072 1.089 1.106 1.123 1.137 1.147 1.151 1.148 1.139 1.124 1.104 1.081 1.056 1.028 1 0.97 0.939 0.905 0.87 0.832 0.794 0.754 0.716 0.679 0.644 0.613 0.585 0.561 0.541 0.526 0.514 0.504 0.497 0.492 0.487 0.482 0.478 0.473 0.467 0.462 0.455 0.449 0.443 0.437 0.432 0.429 0.426 0.424 0.424 0.425 0.427 0.43 0.434 0.438 0.443 0.449 0.454 0.46 0.465 0.47 0.475 0.479 0.481 0.482 0.482 0.48 0.477 0.472 0.466 0.457 0.446 0.431
1.044 1.045 1.049 1.056 1.065 1.076 1.091 1.107 1.124 1.139 1.151 1.157 1.158 1.152 1.139 1.121 1.099 1.075 1.048 1.021 0.993 0.964 0.932 0.899 0.864 0.826 0.787 0.747 0.708 0.671 0.636 0.605 0.578 0.555 0.536 0.522 0.51 0.502 0.495 0.49 0.486 0.482 0.478 0.474 0.469 0.464 0.46 0.455 0.45 0.446 0.442 0.439 0.438 0.437 0.437 0.438 0.441 0.444 0.448 0.452 0.456 0.46 0.465 0.469 0.472 0.476 0.478 0.479 0.48 0.479 0.476 0.472 0.467 0.46 0.452 0.442 0.43 0.415
1.056 1.058 1.061 1.067 1.076 1.087 1.1 1.115 1.129 1.142 1.152 1.156 1.154 1.146 1.131 1.111 1.088 1.063 1.036 1.009 0.982 0.953 0.923 0.89 0.855 0.818 0.779 0.74 0.701 0.664 0.63 0.599 0.573 0.551 0.534 0.52 0.51 0.502 0.496 0.491 0.487 0.484 0.48 0.477 0.473 0.47 0.466 0.462 0.459 0.456 0.454 0.452 0.451 0.451 0.452 0.453 0.456 0.459 0.462 0.465 0.469 0.472 0.475 0.477 0.479 0.48 0.48 0.479 0.478 0.474 0.47 0.464 0.457 0.449 0.44 0.429 0.416 0.401
1.06 1.062 1.065 1.07 1.077 1.086 1.097 1.11 1.123 1.134 1.141 1.144 1.14 1.131 1.115 1.095 1.072 1.047 1.021 0.995 0.968 0.94 0.911 0.879 0.845 0.808 0.77 0.731 0.694 0.658 0.625 0.595 0.571 0.55 0.534 0.521 0.512 0.504 0.499 0.494 0.491 0.488 0.485 0.482 0.479 0.477 0.474 0.472 0.47 0.469 0.467 0.466 0.466 0.466 0.467 0.469 0.471 0.474 0.477 0.479 0.482 0.483 0.484 0.485 0.485 0.484 0.482 0.479 0.475 0.47 0.464 0.457 0.449 0.44 0.429 0.418 0.404 0.389
1.055 1.056 1.058 1.062 1.067 1.075 1.084 1.095 1.106 1.115 1.121 1.123 1.12 1.11 1.096 1.076 1.054 1.03 1.005 0.979 0.953 0.927 0.898 0.867 0.833 0.798 0.761 0.723 0.687 0.653 0.622 0.594 0.571 0.552 0.537 0.525 0.516 0.509 0.504 0.5 0.496 0.493 0.491 0.489 0.487 0.486 0.485 0.484 0.483 0.482 0.482 0.481 0.482 0.482 0.484 0.485 0.487 0.489 0.492 0.493 0.494 0.494 0.494 0.492 0.49 0.487 0.483 0.478 0.473 0.467 0.459 0.451 0.442 0.432 0.42 0.408 0.395 0.38
1.04 1.041 1.042 1.045 1.049 1.056 1.064 1.073 1.082 1.091 1.097 1.099 1.096 1.088 1.075 1.058 1.037 1.014 0.99 0.965 0.94 0.913 0.885 0.855 0.822 0.787 0.751 0.716 0.681 0.649 0.62 0.595 0.574 0.557 0.543 0.532 0.523 0.517 0.511 0.507 0.504 0.501 0.499 0.498 0.497 0.496 0.496 0.496 0.496 0.496 0.497 0.497 0.498 0.499 0.5 0.501 0.503 0.505 0.506 0.507 0.506 0.505 0.503 0.5 0.495 0.49 0.485 0.478 0.472 0.464 0.455 0.446 0.436 0.425 0.414 0.401 0.387 0.372
1.017 1.018 1.019 1.022 1.026 1.031 1.039 1.047 1.056 1.064 1.071 1.075 1.074 1.068 1.058 1.042 1.024 1.002 0.979 0.955 0.929 0.903 0.874 0.844 0.811 0.778 0.743 0.709 0.677 0.647 0.621 0.598 0.579 0.563 0.55 0.54 0.532 0.526 0.52 0.516 0.513 0.51 0.508 0.507 0.507 0.508 0.508 0.509 0.51 0.511 0.512 0.513 0.514 0.515 0.516 0.517 0.518 0.519 0.52 0.52 0.518 0.515 0.512 0.507 0.501 0.494 0.487 0.479 0.471 0.462 0.453 0.443 0.432 0.421 0.409 0.396 0.382 0.367
0.989 0.99 0.992 0.995 0.999 1.006 1.013 1.022 1.031 1.041 1.049 1.054 1.056 1.053 1.045 1.032 1.015 0.995 0.972 0.948 0.922 0.894 0.866 0.835 0.803 0.769 0.736 0.704 0.674 0.647 0.623 0.603 0.586 0.572 0.56 0.551 0.543 0.536 0.531 0.526 0.523 0.52 0.519 0.518 0.519 0.52 0.521 0.523 0.524 0.526 0.527 0.528 0.529 0.53 0.531 0.532 0.533 0.534 0.533 0.532 0.529 0.525 0.52 0.514 0.506 0.498 0.49 0.481 0.472 0.462 0.452 0.442 0.43 0.419 0.406 0.393 0.379 0.364
0.958 0.96 0.963 0.967 0.973 0.981 0.99 1 1.011 1.021 1.031 1.039 1.044 1.044 1.039 1.028 1.013 0.993 0.97 0.945 0.918 0.889 0.859 0.828 0.796 0.763 0.731 0.701 0.673 0.649 0.627 0.609 0.594 0.581 0.571 0.562 0.554 0.547 0.542 0.537 0.534 0.531 0.53 0.53 0.53 0.532 0.534 0.536 0.538 0.54 0.541 0.543 0.544 0.545 0.546 0.547 0.547 0.547 0.546 0.543 0.54 0.535 0.528 0.521 0.512 0.503 0.493 0.484 0.474 0.463 0.453 0.442 0.43 0.418 0.406 0.392 0.378 0.364
0.927 0.929 0.934 0.94 0.949 0.959 0.97 0.982 0.995 1.008 1.02 1.03 1.037 1.04 1.037 1.028 1.014 0.994 0.971 0.945 0.916 0.886 0.855 0.823 0.791 0.759 0.728 0.699 0.673 0.651 0.632 0.616 0.603 0.591 0.582 0.573 0.566 0.559 0.554 0.549 0.545 0.543 0.541 0.541 0.542 0.544 0.546 0.549 0.551 0.553 0.555 0.556 0.558 0.559 0.56 0.56 0.56 0.559 0.557 0.554 0.55 0.544 0.536 0.528 0.518 0.508 0.498 0.487 0.476 0.466 0.455 0.443 0.432 0.419 0.407 0.394 0.38 0.366
0.897 0.9 0.906 0.915 0.927 0.939 0.953 0.968 0.983 0.998 1.012 1.025 1.034 1.039 1.038 1.031 1.017 0.997 0.973 0.946 0.916 0.885 0.852 0.819 0.787 0.755 0.725 0.698 0.674 0.654 0.637 0.623 0.611 0.601 0.592 0.584 0.577 0.571 0.565 0.56 0.557 0.554 0.553 0.553 0.554 0.556 0.558 0.561 0.563 0.565 0.567 0.569 0.57 0.571 0.572 0.572 0.572 0.571 0.568 0.564 0.559 0.552 0.544 0.534 0.524 0.513 0.502 0.491 0.48 0.469 0.458 0.446 0.435 0.422 0.41 0.397 0.384 0.37
0.868 0.872 0.881 0.892 0.906 0.922 0.939 0.956 0.973 0.99 1.006 1.02 1.031 1.038 1.038 1.032 1.018 0.999 0.974 0.945 0.914 0.882 0.849 0.815 0.783 0.751 0.722 0.697 0.674 0.656 0.641 0.628 0.618 0.609 0.601 0.594 0.587 0.581 0.576 0.571 0.568 0.565 0.564 0.564 0.565 0.567 0.569 0.572 0.575 0.577 0.579 0.58 0.582 0.583 0.583 0.583 0.583 0.581 0.578 0.574 0.568 0.56 0.551 0.541 0.531 0.519 0.508 0.496 0.485 0.474 0.462 0.451 0.439 0.427 0.414 0.402 0.389 0.376
0.842 0.847 0.857 0.871 0.888 0.906 0.925 0.945 0.963 0.982 0.999 1.014 1.026 1.034 1.035 1.029 1.016 0.996 0.971 0.942 0.91 0.877 0.843 0.81 0.778 0.747 0.719 0.695 0.674 0.657 0.643 0.632 0.623 0.616 0.609 0.603 0.597 0.591 0.586 0.582 0.578 0.576 0.575 0.575 0.576 0.578 0.58 0.583 0.585 0.588 0.59 0.591 0.592 0.593 0.594 0.594 0.593 0.591 0.587 0.582 0.576 0.568 0.559 0.548 0.537 0.526 0.514 0.502 0.491 0.479 0.468 0.456 0.444 0.433 0.42 0.408 0.396 0.383
0.818 0.824 0.836 0.851 0.87 0.89 0.911 0.932 0.952 0.971 0.988 1.004 1.016 1.024 1.026 1.02 1.007 0.988 0.963 0.934 0.902 0.869 0.835 0.802 0.77 0.741 0.714 0.691 0.672 0.656 0.644 0.635 0.627 0.621 0.615 0.61 0.604 0.6 0.595 0.591 0.588 0.586 0.585 0.585 0.586 0.588 0.59 0.593 0.595 0.598 0.6 0.601 0.603 0.603 0.604 0.603 0.602 0.6 0.596 0.591 0.584 0.576 0.566 0.556 0.544 0.533 0.521 0.509 0.497 0.486 0.474 0.463 0.451 0.44 0.428 0.416 0.404 0.392
0.798 0.804 0.816 0.833 0.852 0.873 0.895 0.916 0.936 0.955 0.973 0.988 1 1.008 1.009 1.004 0.992 0.973 0.948 0.919 0.888 0.856 0.823 0.791 0.761 0.733 0.708 0.686 0.668 0.654 0.644 0.636 0.629 0.624 0.619 0.615 0.611 0.607 0.603 0.6 0.598 0.596 0.595 0.595 0.597 0.598 0.601 0.603 0.605 0.608 0.61 0.611 0.612 0.613 0.613 0.613 0.611 0.609 0.605 0.599 0.592 0.584 0.574 0.563 0.552 0.54 0.529 0.517 0.505 0.494 0.482 0.471 0.459 0.448 0.437 0.425 0.413 0.402
0.781 0.787 0.799 0.815 0.835 0.856 0.877 0.897 0.917 0.935 0.952 0.966 0.977 0.984 0.986 0.98 0.968 0.95 0.927 0.899 0.869 0.838 0.807 0.777 0.748 0.722 0.699 0.679 0.663 0.651 0.642 0.635 0.63 0.626 0.622 0.619 0.616 0.613 0.61 0.608 0.606 0.605 0.605 0.606 0.607 0.609 0.611 0.613 0.616 0.618 0.62 0.621 0.622 0.623 0.623 0.622 0.62 0.618 0.613 0.608 0.601 0.592 0.583 0.572 0.561 0.549 0.538 0.526 0.514 0.503 0.492 0.48 0.469 0.458 0.447 0.435 0.424 0.413
0.767 0.773 0.784 0.799 0.817 0.837 0.857 0.876 0.894 0.91 0.925 0.938 0.948 0.954 0.955 0.95 0.938 0.921 0.899 0.874 0.846 0.817 0.788 0.76 0.734 0.71 0.689 0.671 0.657 0.647 0.639 0.633 0.63 0.627 0.625 0.623 0.621 0.619 0.617 0.616 0.615 0.615 0.615 0.616 0.618 0.62 0.622 0.624 0.626 0.628 0.63 0.631 0.632 0.633 0.633 0.632 0.63 0.627 0.623 0.617 0.61 0.602 0.592 0.582 0.571 0.559 0.548 0.536 0.525 0.513 0.502 0.491 0.48 0.469 0.458 0.447 0.436 0.426
0.755 0.76 0.77 0.783 0.799 0.817 0.834 0.851 0.866 0.881 0.893 0.904 0.913 0.918 0.918 0.913 0.903 0.887 0.867 0.844 0.818 0.792 0.766 0.741 0.717 0.696 0.678 0.663 0.651 0.642 0.636 0.632 0.629 0.628 0.627 0.626 0.625 0.625 0.624 0.624 0.624 0.625 0.626 0.627 0.629 0.631 0.633 0.636 0.638 0.64 0.641 0.643 0.644 0.644 0.644 0.643 0.641 0.638 0.634 0.628 0.621 0.612 0.603 0.593 0.582 0.57 0.559 0.548 0.536 0.525 0.514 0.503 0.492 0.482 0.471 0.46 0.45 0.44
0.745 0.749 0.757 0.768 0.781 0.796 0.81 0.823 0.836 0.847 0.858 0.867 0.873 0.877 0.877 0.873 0.863 0.849 0.831 0.811 0.788 0.765 0.742 0.72 0.7 0.682 0.667 0.654 0.645 0.638 0.633 0.631 0.63 0.629 0.629 0.63 0.63 0.631 0.631 0.632 0.633 0.635 0.636 0.639 0.641 0.643 0.646 0.648 0.65 0.652 0.654 0.655 0.656 0.656 0.656 0.655 0.653 0.65 0.645 0.64 0.633 0.624 0.615 0.605 0.594 0.583 0.572 0.56 0.549 0.538 0.527 0.516 0.506 0.495 0.485 0.474 0.464 0.455
0.736 0.739 0.745 0.753 0.763 0.774 0.784 0.794 0.803 0.812 0.82 0.826 0.831 0.834 0.834 0.829 0.821 0.809 0.794 0.776 0.757 0.737 0.718 0.7 0.683 0.668 0.656 0.647 0.639 0.635 0.632 0.631 0.631 0.632 0.633 0.634 0.636 0.637 0.639 0.641 0.643 0.645 0.648 0.651 0.653 0.656 0.659 0.661 0.663 0.665 0.667 0.668 0.669 0.669 0.669 0.668 0.666 0.663 0.658 0.653 0.646 0.638 0.628 0.618 0.608 0.597 0.585 0.574 0.563 0.552 0.541 0.53 0.52 0.509 0.499 0.489 0.48 0.47
0.728 0.73 0.734 0.739 0.745 0.751 0.758 0.764 0.77 0.775 0.781 0.785 0.788 0.79 0.79 0.786 0.779 0.769 0.757 0.742 0.727 0.711 0.695 0.681 0.668 0.656 0.647 0.641 0.636 0.633 0.632 0.633 0.634 0.635 0.637 0.64 0.642 0.645 0.647 0.65 0.653 0.657 0.66 0.663 0.667 0.67 0.672 0.675 0.677 0.679 0.681 0.683 0.683 0.684 0.683 0.682 0.68 0.677 0.673 0.667 0.66 0.652 0.643 0.633 0.622 0.611 0.6 0.589 0.578 0.567 0.556 0.545 0.535 0.524 0.514 0.505 0.495 0.486
0.72 0.721 0.722 0.725 0.727 0.73 0.732 0.735 0.737 0.74 0.742 0.745 0.747 0.748 0.747 0.744 0.739 0.731 0.722 0.71 0.698 0.686 0.675 0.664 0.655 0.647 0.641 0.637 0.635 0.634 0.634 0.636 0.638 0.64 0.643 0.646 0.649 0.653 0.656 0.66 0.664 0.668 0.673 0.676 0.68 0.684 0.687 0.69 0.692 0.694 0.696 0.698 0.699 0.699 0.699 0.698 0.696 0.692 0.688 0.682 0.675 0.667 0.658 0.648 0.637 0.626 0.615 0.604 0.593 0.582 0.571 0.56 0.55 0.54 0.53 0.52 0.511 0.503
