DCGAN/plot/SedofBasin_0210.grd
DSAA
100 100
0 40
0 40
0 9.395
[rows 0 to 34 of 100, columns 0 to 79 of 100]
7.625 7.69 7.815 7.988 8.199 8.43 8.668 8.894 9.095 9.254 9.358 9.395 9.357 9.238 9.039 8.765 8.424 8.03 7.598 7.146 6.69 6.246 5.83 5.451 5.114 4.823 4.573 4.36 4.173 4.005 3.847 3.692 3.536 3.375 3.211 3.044 2.877 2.713 2.554 2.404 2.262 2.129 2.005 1.888 1.778 1.671 1.569 1.47 1.373 1.281 1.192 1.108 1.029 0.957 0.892 0.834 0.782 0.736 0.697 0.662 0.632 0.606 0.584 0.564 0.547 0.533 0.522 0.513 0.506 0.501 0.498 0.497 0.497 0.499 0.502 0.505 0.508 0.512 0.514 0.516
7.506 7.572 7.699 7.877 8.092 8.33 8.575 8.81 9.02 9.189 9.304 9.353 9.327 9.222 9.036 8.776 8.449 8.068 7.649 7.209 6.765 6.332 5.923 5.55 5.218 4.928 4.679 4.464 4.275 4.104 3.942 3.783 3.622 3.458 3.289 3.119 2.948 2.78 2.617 2.462 2.315 2.177 2.047 1.925 1.809 1.697 1.59 1.486 1.385 1.288 1.196 1.11 1.029 0.955 0.888 0.829 0.777 0.731 0.691 0.657 0.627 0.601 0.579 0.56 0.544 0.53 0.519 0.51 0.503 0.499 0.496 0.495 0.496 0.498 0.501 0.505 0.508 0.512 0.515 0.517
7.277 7.345 7.477 7.662 7.887 8.137 8.395 8.646 8.873 9.062 9.198 9.269 9.267 9.186 9.026 8.792 8.491 8.137 7.743 7.327 6.905 6.491 6.098 5.737 5.413 5.128 4.879 4.661 4.467 4.29 4.121 3.954 3.786 3.615 3.44 3.262 3.084 2.909 2.738 2.574 2.417 2.269 2.129 1.996 1.869 1.747 1.63 1.517 1.408 1.304 1.205 1.113 1.028 0.951 0.881 0.82 0.766 0.72 0.68 0.646 0.616 0.591 0.57 0.551 0.536 0.523 0.513 0.504 0.498 0.495 0.493 0.492 0.494 0.496 0.5 0.504 0.508 0.512 0.515 0.518
6.954 7.026 7.165 7.359 7.597 7.862 8.139 8.41 8.661 8.876 9.04 9.142 9.173 9.126 9.002 8.804 8.541 8.223 7.865 7.483 7.091 6.705 6.335 5.991 5.678 5.399 5.151 4.931 4.731 4.546 4.367 4.191 4.013 3.832 3.648 3.461 3.274 3.088 2.906 2.73 2.561 2.399 2.244 2.096 1.955 1.818 1.687 1.561 1.44 1.325 1.218 1.118 1.027 0.944 0.871 0.807 0.752 0.705 0.665 0.63 0.602 0.577 0.557 0.54 0.525 0.513 0.504 0.496 0.491 0.488 0.487 0.487 0.49 0.493 0.497 0.502 0.507 0.512 0.516 0.519
6.561 6.636 6.782 6.988 7.24 7.523 7.82 8.115 8.393 8.638 8.835 8.973 9.042 9.036 8.955 8.801 8.583 8.31 7.996 7.655 7.301 6.947 6.605 6.283 5.985 5.715 5.47 5.247 5.041 4.847 4.658 4.471 4.282 4.091 3.896 3.699 3.5 3.303 3.109 2.919 2.735 2.557 2.385 2.219 2.06 1.906 1.757 1.615 1.48 1.352 1.233 1.124 1.025 0.937 0.859 0.792 0.735 0.687 0.646 0.612 0.584 0.561 0.541 0.525 0.511 0.5 0.492 0.485 0.481 0.478 0.478 0.48 0.483 0.488 0.493 0.499 0.505 0.511 0.516 0.52
6.12 6.2 6.353 6.57 6.836 7.136 7.454 7.774 8.079 8.355 8.586 8.762 8.873 8.911 8.877 8.772 8.603 8.38 8.114 7.82 7.509 7.193 6.883 6.585 6.306 6.046 5.805 5.582 5.37 5.168 4.969 4.771 4.571 4.369 4.164 3.956 3.748 3.539 3.332 3.128 2.928 2.733 2.543 2.358 2.178 2.005 1.838 1.677 1.526 1.383 1.252 1.132 1.024 0.929 0.847 0.777 0.718 0.668 0.627 0.594 0.566 0.543 0.524 0.509 0.496 0.486 0.478 0.472 0.468 0.466 0.467 0.469 0.474 0.479 0.486 0.494 0.501 0.508 0.514 0.519
5.656 5.739 5.899 6.125 6.405 6.721 7.058 7.399 7.73 8.035 8.3 8.513 8.664 8.748 8.762 8.707 8.59 8.419 8.205 7.959 7.694 7.418 7.142 6.872 6.612 6.365 6.131 5.908 5.693 5.483 5.275 5.068 4.859 4.647 4.432 4.216 3.997 3.779 3.56 3.343 3.128 2.916 2.708 2.504 2.304 2.111 1.924 1.745 1.576 1.418 1.273 1.142 1.025 0.924 0.837 0.764 0.702 0.652 0.611 0.577 0.55 0.527 0.508 0.493 0.48 0.47 0.462 0.456 0.453 0.451 0.452 0.456 0.461 0.468 0.476 0.485 0.494 0.503 0.51 0.516
5.186 5.272 5.437 5.672 5.962 6.291 6.644 7.004 7.357 7.687 7.982 8.23 8.42 8.546 8.607 8.602 8.536 8.418 8.255 8.059 7.839 7.605 7.364 7.122 6.884 6.652 6.426 6.205 5.988 5.773 5.559 5.343 5.126 4.906 4.684 4.46 4.234 4.007 3.778 3.55 3.322 3.096 2.871 2.649 2.432 2.219 2.013 1.816 1.63 1.456 1.298 1.156 1.031 0.923 0.832 0.756 0.693 0.642 0.6 0.566 0.538 0.515 0.496 0.48 0.467 0.456 0.447 0.44 0.436 0.434 0.435 0.439 0.445 0.453 0.462 0.473 0.483 0.493 0.503 0.51
4.725 4.812 4.982 5.222 5.52 5.859 6.224 6.599 6.969 7.321 7.642 7.919 8.144 8.31 8.413 8.456 8.439 8.371 8.259 8.111 7.936 7.743 7.537 7.324 7.109 6.892 6.676 6.459 6.242 6.025 5.805 5.583 5.36 5.134 4.906 4.677 4.445 4.211 3.976 3.739 3.501 3.263 3.025 2.788 2.555 2.325 2.102 1.889 1.687 1.5 1.329 1.177 1.044 0.931 0.836 0.757 0.693 0.641 0.598 0.564 0.535 0.511 0.49 0.472 0.457 0.444 0.433 0.425 0.419 0.416 0.416 0.42 0.426 0.434 0.444 0.456 0.468 0.48 0.49 0.5
4.279 4.368 4.54 4.784 5.087 5.433 5.806 6.192 6.576 6.945 7.286 7.588 7.843 8.044 8.187 8.273 8.302 8.281 8.216 8.114 7.982 7.828 7.657 7.473 7.28 7.08 6.875 6.664 6.449 6.23 6.007 5.781 5.552 5.322 5.09 4.856 4.621 4.383 4.143 3.901 3.656 3.41 3.162 2.915 2.668 2.426 2.19 1.963 1.748 1.549 1.368 1.208 1.069 0.951 0.853 0.772 0.706 0.653 0.61 0.573 0.543 0.516 0.493 0.472 0.454 0.438 0.424 0.412 0.404 0.398 0.397 0.398 0.404 0.412 0.422 0.435 0.448 0.461 0.473 0.484
3.85 3.94 4.113 4.36 4.665 5.016 5.395 5.788 6.183 6.565 6.923 7.246 7.527 7.758 7.936 8.059 8.13 8.152 8.131 8.071 7.98 7.863 7.725 7.569 7.399 7.217 7.023 6.819 6.607 6.388 6.163 5.933 5.701 5.466 5.231 4.994 4.757 4.517 4.275 4.03 3.782 3.531 3.278 3.023 2.77 2.518 2.273 2.037 1.813 1.605 1.417 1.251 1.108 0.987 0.886 0.804 0.737 0.682 0.637 0.598 0.564 0.534 0.507 0.482 0.459 0.438 0.42 0.404 0.392 0.383 0.378 0.377 0.38 0.387 0.396 0.409 0.422 0.436 0.45 0.462
3.439 3.528 3.702 3.949 4.257 4.609 4.992 5.392 5.794 6.186 6.558 6.9 7.202 7.459 7.667 7.825 7.932 7.993 8.01 7.99 7.936 7.854 7.747 7.619 7.471 7.306 7.125 6.93 6.722 6.503 6.276 6.044 5.808 5.57 5.331 5.092 4.852 4.611 4.368 4.123 3.874 3.622 3.368 3.111 2.855 2.6 2.351 2.11 1.882 1.671 1.479 1.31 1.164 1.041 0.939 0.856 0.787 0.73 0.682 0.639 0.601 0.566 0.534 0.503 0.474 0.448 0.423 0.402 0.384 0.37 0.361 0.356 0.356 0.36 0.368 0.379 0.392 0.406 0.42 0.434
3.043 3.132 3.305 3.552 3.86 4.213 4.599 5.003 5.411 5.813 6.197 6.554 6.875 7.155 7.389 7.576 7.715 7.81 7.863 7.877 7.858 7.808 7.731 7.629 7.504 7.357 7.189 7.003 6.8 6.583 6.355 6.119 5.879 5.637 5.395 5.152 4.91 4.668 4.425 4.18 3.933 3.683 3.431 3.176 2.922 2.67 2.422 2.183 1.955 1.745 1.554 1.385 1.239 1.116 1.013 0.928 0.858 0.798 0.745 0.698 0.654 0.613 0.573 0.536 0.5 0.466 0.435 0.407 0.383 0.363 0.347 0.337 0.332 0.333 0.337 0.346 0.358 0.371 0.386 0.4
2.663 2.751 2.923 3.168 3.474 3.827 4.215 4.622 5.037 5.447 5.842 6.213 6.551 6.85 7.107 7.319 7.487 7.611 7.695 7.741 7.753 7.733 7.684 7.607 7.504 7.375 7.222 7.045 6.848 6.634 6.405 6.167 5.923 5.676 5.429 5.182 4.937 4.693 4.449 4.205 3.96 3.714 3.466 3.218 2.971 2.725 2.485 2.252 2.032 1.826 1.64 1.475 1.332 1.21 1.108 1.022 0.948 0.884 0.826 0.773 0.722 0.673 0.626 0.58 0.536 0.495 0.456 0.42 0.388 0.361 0.339 0.322 0.312 0.307 0.307 0.313 0.322 0.334 0.347 0.362
2.299 2.386 2.555 2.797 3.1 3.452 3.84 4.25 4.669 5.088 5.493 5.876 6.23 6.547 6.824 7.059 7.251 7.401 7.512 7.586 7.626 7.634 7.611 7.559 7.478 7.368 7.229 7.064 6.874 6.663 6.435 6.194 5.946 5.694 5.441 5.189 4.94 4.692 4.447 4.203 3.96 3.718 3.477 3.238 3 2.766 2.537 2.317 2.108 1.914 1.737 1.579 1.441 1.322 1.221 1.133 1.057 0.988 0.924 0.862 0.803 0.745 0.689 0.634 0.582 0.531 0.484 0.44 0.401 0.366 0.336 0.312 0.295 0.284 0.279 0.28 0.285 0.295 0.306 0.32
1.957 2.041 2.206 2.443 2.741 3.09 3.476 3.886 4.31 4.735 5.15 5.545 5.912 6.246 6.541 6.796 7.01 7.183 7.318 7.417 7.483 7.516 7.517 7.489 7.429 7.338 7.215 7.062 6.881 6.675 6.449 6.207 5.955 5.698 5.44 5.182 4.927 4.674 4.426 4.18 3.939 3.701 3.467 3.237 3.012 2.792 2.579 2.375 2.182 2.002 1.838 1.691 1.561 1.448 1.348 1.26 1.18 1.106 1.034 0.965 0.896 0.828 0.762 0.697 0.635 0.576 0.52 0.467 0.419 0.376 0.339 0.307 0.283 0.265 0.254 0.25 0.251 0.256 0.266 0.277
1.641 1.722 1.881 2.11 2.401 2.743 3.124 3.533 3.958 4.388 4.81 5.216 5.597 5.945 6.257 6.53 6.764 6.958 7.114 7.236 7.323 7.379 7.404 7.397 7.359 7.287 7.181 7.042 6.871 6.672 6.449 6.208 5.955 5.694 5.431 5.167 4.905 4.647 4.394 4.146 3.904 3.669 3.441 3.221 3.008 2.804 2.609 2.424 2.25 2.088 1.941 1.807 1.688 1.581 1.485 1.397 1.314 1.234 1.155 1.077 0.998 0.92 0.843 0.768 0.695 0.626 0.561 0.5 0.443 0.392 0.347 0.308 0.276 0.252 0.235 0.224 0.22 0.221 0.227 0.236
1.359 1.435 1.586 1.805 2.085 2.416 2.789 3.192 3.615 4.046 4.473 4.887 5.279 5.641 5.969 6.26 6.511 6.724 6.9 7.041 7.15 7.226 7.272 7.286 7.267 7.214 7.125 7.001 6.842 6.653 6.437 6.199 5.947 5.685 5.418 5.15 4.883 4.619 4.36 4.108 3.864 3.63 3.406 3.194 2.993 2.804 2.627 2.462 2.309 2.168 2.039 1.922 1.815 1.717 1.626 1.539 1.455 1.37 1.284 1.196 1.107 1.018 0.929 0.843 0.76 0.681 0.606 0.536 0.472 0.413 0.361 0.315 0.276 0.245 0.221 0.205 0.195 0.192 0.193 0.198
1.115 1.187 1.327 1.532 1.796 2.112 2.472 2.864 3.28 3.708 4.136 4.556 4.956 5.331 5.673 5.98 6.249 6.48 6.674 6.834 6.961 7.056 7.12 7.153 7.153 7.118 7.046 6.938 6.794 6.616 6.409 6.179 5.932 5.672 5.405 5.134 4.863 4.594 4.33 4.073 3.826 3.59 3.369 3.162 2.971 2.796 2.636 2.491 2.358 2.238 2.129 2.029 1.937 1.85 1.766 1.682 1.597 1.509 1.417 1.32 1.221 1.121 1.021 0.923 0.829 0.739 0.655 0.577 0.504 0.439 0.38 0.328 0.283 0.246 0.216 0.194 0.178 0.169 0.166 0.166
0.916 0.98 1.108 1.296 1.54 1.836 2.175 2.551 2.954 3.373 3.798 4.218 4.625 5.01 5.365 5.687 5.973 6.222 6.434 6.611 6.755 6.868 6.949 6.999 7.016 6.998 6.943 6.851 6.722 6.559 6.365 6.146 5.907 5.654 5.39 5.121 4.849 4.577 4.308 4.047 3.795 3.557 3.336 3.132 2.949 2.784 2.639 2.51 2.397 2.297 2.208 2.126 2.05 1.975 1.9 1.822 1.738 1.648 1.551 1.447 1.339 1.228 1.116 1.006 0.9 0.8 0.706 0.619 0.54 0.468 0.404 0.346 0.296 0.254 0.219 0.191 0.17 0.155 0.146 0.142
0.763 0.819 0.932 1.099 1.318 1.588 1.902 2.254 2.637 3.041 3.456 3.873 4.282 4.674 5.041 5.378 5.68 5.946 6.177 6.371 6.532 6.661 6.758 6.824 6.856 6.854 6.816 6.74 6.628 6.481 6.303 6.099 5.872 5.63 5.374 5.11 4.841 4.569 4.298 4.033 3.778 3.537 3.313 3.111 2.931 2.774 2.639 2.525 2.429 2.347 2.275 2.211 2.15 2.089 2.024 1.953 1.873 1.784 1.684 1.575 1.458 1.337 1.214 1.092 0.974 0.863 0.759 0.665 0.579 0.501 0.432 0.371 0.317 0.27 0.23 0.197 0.171 0.151 0.136 0.126
0.657 0.704 0.798 0.941 1.132 1.369 1.651 1.974 2.33 2.712 3.112 3.52 3.926 4.321 4.698 5.048 5.367 5.651 5.899 6.112 6.29 6.435 6.547 6.627 6.674 6.687 6.665 6.606 6.511 6.383 6.223 6.036 5.826 5.598 5.355 5.101 4.838 4.57 4.301 4.035 3.777 3.533 3.307 3.103 2.924 2.771 2.644 2.54 2.456 2.389 2.333 2.285 2.239 2.191 2.137 2.075 2.001 1.913 1.813 1.7 1.577 1.446 1.312 1.179 1.049 0.927 0.814 0.712 0.62 0.538 0.466 0.402 0.345 0.295 0.251 0.213 0.182 0.156 0.136 0.12
0.596 0.633 0.708 0.823 0.981 1.182 1.426 1.712 2.035 2.39 2.767 3.16 3.558 3.953 4.335 4.696 5.03 5.332 5.6 5.831 6.027 6.189 6.316 6.411 6.473 6.5 6.493 6.452 6.375 6.266 6.126 5.959 5.769 5.559 5.333 5.092 4.84 4.58 4.316 4.052 3.794 3.548 3.319 3.113 2.934 2.782 2.658 2.56 2.485 2.428 2.385 2.349 2.316 2.28 2.238 2.185 2.118 2.035 1.936 1.821 1.693 1.554 1.411 1.266 1.126 0.993 0.871 0.761 0.664 0.579 0.504 0.438 0.379 0.327 0.28 0.239 0.202 0.171 0.145 0.124
0.576 0.603 0.657 0.743 0.864 1.026 1.228 1.473 1.757 2.076 2.425 2.796 3.181 3.569 3.953 4.322 4.67 4.989 5.276 5.527 5.742 5.922 6.066 6.177 6.253 6.296 6.305 6.281 6.223 6.134 6.015 5.871 5.703 5.514 5.307 5.083 4.846 4.598 4.342 4.083 3.828 3.582 3.353 3.145 2.964 2.811 2.687 2.592 2.521 2.47 2.434 2.408 2.385 2.36 2.327 2.283 2.224 2.147 2.051 1.936 1.805 1.66 1.508 1.353 1.202 1.06 0.929 0.813 0.712 0.623 0.547 0.48 0.42 0.367 0.318 0.273 0.232 0.196 0.164 0.137
0.595 0.609 0.642 0.698 0.782 0.901 1.058 1.257 1.498 1.777 2.092 2.435 2.8 3.177 3.556 3.93 4.288 4.622 4.928 5.199 5.435 5.634 5.797 5.925 6.018 6.078 6.104 6.097 6.059 5.991 5.895 5.773 5.629 5.463 5.277 5.074 4.854 4.621 4.377 4.128 3.879 3.637 3.408 3.2 3.016 2.861 2.736 2.639 2.569 2.52 2.488 2.466 2.449 2.431 2.407 2.372 2.32 2.25 2.158 2.045 1.912 1.764 1.604 1.441 1.28 1.129 0.99 0.868 0.762 0.672 0.594 0.527 0.467 0.413 0.362 0.315 0.27 0.229 0.192 0.159
0.644 0.648 0.659 0.685 0.731 0.807 0.918 1.07 1.263 1.499 1.775 2.085 2.423 2.782 3.152 3.524 3.887 4.234 4.556 4.847 5.105 5.325 5.509 5.657 5.769 5.847 5.891 5.904 5.886 5.84 5.767 5.67 5.549 5.407 5.245 5.063 4.864 4.648 4.42 4.183 3.944 3.709 3.484 3.277 3.093 2.936 2.808 2.708 2.634 2.583 2.55 2.528 2.514 2.5 2.481 2.452 2.408 2.345 2.258 2.148 2.016 1.865 1.7 1.529 1.36 1.2 1.055 0.926 0.817 0.724 0.646 0.579 0.519 0.464 0.412 0.363 0.315 0.27 0.227 0.189
0.716 0.71 0.702 0.698 0.709 0.742 0.808 0.912 1.058 1.248 1.48 1.752 2.059 2.393 2.747 3.111 3.475 3.829 4.165 4.474 4.752 4.995 5.201 5.371 5.504 5.603 5.668 5.702 5.706 5.683 5.634 5.561 5.465 5.348 5.209 5.051 4.873 4.678 4.468 4.247 4.021 3.796 3.579 3.376 3.193 3.035 2.903 2.798 2.719 2.663 2.625 2.6 2.584 2.57 2.554 2.53 2.492 2.434 2.354 2.248 2.118 1.966 1.797 1.621 1.445 1.277 1.124 0.99 0.876 0.781 0.702 0.634 0.574 0.519 0.466 0.415 0.364 0.316 0.269 0.226
0.803 0.788 0.762 0.732 0.71 0.705 0.727 0.785 0.884 1.027 1.215 1.446 1.717 2.021 2.352 2.702 3.059 3.415 3.759 4.084 4.38 4.645 4.874 5.066 5.223 5.344 5.432 5.489 5.517 5.519 5.494 5.447 5.376 5.284 5.17 5.036 4.881 4.708 4.518 4.317 4.107 3.896 3.689 3.493 3.314 3.156 3.022 2.912 2.826 2.762 2.716 2.685 2.663 2.647 2.631 2.609 2.575 2.524 2.449 2.349 2.221 2.069 1.899 1.718 1.535 1.36 1.2 1.06 0.941 0.842 0.76 0.691 0.63 0.574 0.521 0.468 0.416 0.364 0.314 0.267
0.896 0.873 0.831 0.779 0.728 0.689 0.672 0.688 0.742 0.841 0.984 1.173 1.404 1.674 1.977 2.305 2.65 3.001 3.347 3.681 3.992 4.276 4.526 4.741 4.921 5.067 5.18 5.262 5.316 5.343 5.345 5.324 5.28 5.213 5.125 5.016 4.885 4.736 4.569 4.388 4.198 4.003 3.81 3.625 3.452 3.296 3.161 3.047 2.954 2.882 2.827 2.786 2.757 2.736 2.717 2.696 2.665 2.618 2.549 2.453 2.33 2.18 2.008 1.823 1.635 1.453 1.285 1.136 1.01 0.905 0.819 0.747 0.684 0.627 0.572 0.519 0.465 0.412 0.36 0.31
0.983 0.954 0.9 0.831 0.756 0.688 0.638 0.616 0.631 0.688 0.789 0.936 1.127 1.36 1.631 1.932 2.256 2.595 2.937 3.273 3.594 3.891 4.159 4.395 4.598 4.768 4.907 5.015 5.097 5.152 5.182 5.189 5.172 5.133 5.071 4.988 4.883 4.758 4.615 4.457 4.288 4.113 3.937 3.765 3.601 3.451 3.317 3.2 3.102 3.021 2.957 2.907 2.869 2.841 2.818 2.795 2.765 2.722 2.658 2.567 2.448 2.3 2.127 1.939 1.745 1.554 1.377 1.219 1.083 0.97 0.877 0.799 0.733 0.673 0.618 0.563 0.51 0.456 0.403 0.352
1.055 1.022 0.96 0.877 0.785 0.694 0.618 0.566 0.547 0.567 0.63 0.738 0.89 1.085 1.32 1.59 1.888 2.208 2.537 2.868 3.19 3.494 3.775 4.028 4.251 4.444 4.607 4.744 4.854 4.939 4.999 5.036 5.049 5.039 5.005 4.948 4.87 4.771 4.653 4.52 4.375 4.221 4.064 3.908 3.757 3.615 3.485 3.368 3.266 3.179 3.106 3.048 3.001 2.966 2.937 2.912 2.882 2.841 2.781 2.694 2.578 2.431 2.258 2.066 1.864 1.664 1.476 1.305 1.157 1.033 0.93 0.845 0.773 0.71 0.652 0.598 0.544 0.491 0.439 0.388
1.103 1.067 1.001 0.91 0.807 0.701 0.605 0.529 0.483 0.473 0.503 0.576 0.691 0.849 1.048 1.285 1.553 1.846 2.156 2.473 2.788 3.092 3.377 3.641 3.879 4.092 4.28 4.443 4.582 4.699 4.791 4.86 4.904 4.925 4.92 4.893 4.842 4.77 4.679 4.572 4.451 4.322 4.186 4.048 3.912 3.781 3.658 3.545 3.442 3.352 3.274 3.208 3.154 3.112 3.079 3.05 3.019 2.979 2.921 2.837 2.723 2.576 2.4 2.203 1.992 1.781 1.578 1.393 1.23 1.091 0.975 0.88 0.801 0.733 0.673 0.618 0.565 0.514 0.464 0.415
1.121 1.085 1.017 0.923 0.814 0.7 0.592 0.5 0.435 0.401 0.405 0.447 0.531 0.655 0.818 1.02 1.254 1.517 1.801 2.096 2.395 2.689 2.972 3.239 3.487 3.715 3.924 4.112 4.28 4.428 4.554 4.656 4.734 4.787 4.814 4.816 4.795 4.751 4.688 4.608 4.514 4.409 4.296 4.179 4.061 3.945 3.832 3.725 3.626 3.536 3.455 3.385 3.327 3.28 3.243 3.211 3.179 3.138 3.08 2.996 2.882 2.733 2.553 2.347 2.125 1.899 1.68 1.477 1.296 1.14 1.009 0.902 0.813 0.74 0.677 0.622 0.571 0.523 0.476 0.43
1.104 1.069 1.003 0.911 0.802 0.685 0.572 0.473 0.395 0.346 0.329 0.348 0.404 0.498 0.628 0.795 0.995 1.224 1.476 1.743 2.019 2.295 2.567 2.829 3.08 3.318 3.542 3.753 3.948 4.127 4.286 4.422 4.535 4.621 4.682 4.716 4.725 4.711 4.677 4.625 4.558 4.479 4.391 4.297 4.198 4.098 3.999 3.903 3.811 3.725 3.646 3.577 3.517 3.468 3.428 3.394 3.36 3.317 3.257 3.172 3.054 2.9 2.712 2.495 2.259 2.016 1.778 1.554 1.352 1.177 1.03 0.909 0.81 0.73 0.664 0.608 0.56 0.515 0.473 0.432
1.053 1.02 0.958 0.871 0.767 0.654 0.543 0.442 0.359 0.3 0.27 0.272 0.306 0.374 0.475 0.61 0.775 0.968 1.185 1.419 1.665 1.917 2.17 2.421 2.667 2.909 3.144 3.372 3.591 3.798 3.988 4.159 4.306 4.427 4.521 4.588 4.628 4.645 4.641 4.618 4.58 4.528 4.466 4.395 4.318 4.237 4.154 4.072 3.99 3.913 3.84 3.775 3.718 3.671 3.631 3.596 3.559 3.514 3.451 3.361 3.236 3.073 2.874 2.643 2.39 2.127 1.867 1.62 1.397 1.202 1.036 0.901 0.791 0.705 0.635 0.579 0.533 0.492 0.455 0.42
