DCGAN/plot/SedofBasin_0513.grd
DSAA
100 100
0 40
0 40
0.129 9.622
[rows 0 to 33 of 100, columns 0 to 77 of 100]
3.96 3.975 3.999 4.026 4.047 4.052 4.037 3.997 3.933 3.847 3.743 3.626 3.498 3.365 3.228 3.091 2.954 2.822 2.694 2.574 2.464 2.365 2.277 2.202 2.14 2.089 2.049 2.019 1.998 1.984 1.977 1.978 1.987 2.006 2.037 2.08 2.137 2.208 2.292 2.386 2.489 2.596 2.704 2.811 2.914 3.012 3.103 3.185 3.255 3.313 3.355 3.381 3.389 3.381 3.358 3.323 3.28 3.233 3.187 3.144 3.11 3.084 3.067 3.057 3.052 3.049 3.043 3.033 3.016 2.993 2.965 2.934 2.902 2.873 2.847 2.827 2.813 2.805
3.971 3.985 4.008 4.033 4.052 4.056 4.04 3.999 3.935 3.849 3.746 3.629 3.502 3.37 3.233 3.096 2.959 2.826 2.699 2.578 2.467 2.367 2.28 2.204 2.141 2.091 2.051 2.021 2 1.986 1.98 1.982 1.992 2.012 2.044 2.088 2.146 2.218 2.303 2.399 2.502 2.61 2.719 2.826 2.93 3.028 3.118 3.2 3.27 3.327 3.369 3.395 3.403 3.395 3.372 3.338 3.295 3.248 3.201 3.159 3.125 3.099 3.082 3.072 3.067 3.063 3.056 3.045 3.028 3.004 2.975 2.944 2.912 2.882 2.856 2.836 2.822 2.814
3.99 4.002 4.023 4.046 4.061 4.063 4.044 4.003 3.939 3.854 3.751 3.636 3.51 3.378 3.243 3.106 2.969 2.836 2.708 2.587 2.475 2.374 2.285 2.209 2.146 2.095 2.055 2.026 2.005 1.992 1.988 1.991 2.003 2.025 2.059 2.106 2.166 2.241 2.328 2.425 2.53 2.639 2.749 2.857 2.96 3.058 3.149 3.23 3.3 3.357 3.398 3.424 3.432 3.424 3.401 3.366 3.324 3.277 3.231 3.19 3.155 3.13 3.112 3.102 3.096 3.091 3.083 3.071 3.052 3.027 2.998 2.965 2.932 2.902 2.876 2.855 2.841 2.833
4.012 4.022 4.04 4.058 4.07 4.068 4.048 4.005 3.942 3.858 3.758 3.645 3.521 3.391 3.257 3.121 2.985 2.852 2.723 2.602 2.489 2.387 2.297 2.22 2.156 2.105 2.065 2.036 2.016 2.005 2.002 2.007 2.022 2.047 2.084 2.134 2.199 2.276 2.366 2.466 2.573 2.684 2.795 2.903 3.007 3.105 3.195 3.275 3.345 3.401 3.442 3.467 3.475 3.466 3.444 3.41 3.368 3.322 3.277 3.236 3.202 3.177 3.159 3.149 3.141 3.135 3.126 3.111 3.091 3.064 3.032 2.998 2.965 2.933 2.907 2.886 2.872 2.864
4.029 4.038 4.052 4.066 4.074 4.069 4.046 4.004 3.942 3.861 3.764 3.655 3.535 3.408 3.276 3.142 3.007 2.874 2.746 2.623 2.51 2.407 2.316 2.238 2.174 2.122 2.082 2.054 2.035 2.026 2.025 2.034 2.052 2.081 2.123 2.177 2.245 2.327 2.421 2.524 2.633 2.745 2.857 2.966 3.07 3.167 3.256 3.335 3.404 3.459 3.499 3.523 3.531 3.523 3.501 3.467 3.427 3.382 3.338 3.299 3.266 3.241 3.223 3.211 3.203 3.194 3.183 3.166 3.143 3.114 3.081 3.046 3.011 2.979 2.952 2.931 2.917 2.91
4.037 4.044 4.054 4.064 4.068 4.06 4.037 3.995 3.936 3.86 3.768 3.664 3.549 3.427 3.299 3.167 3.034 2.903 2.775 2.653 2.539 2.436 2.344 2.266 2.201 2.149 2.109 2.082 2.065 2.058 2.06 2.072 2.095 2.129 2.175 2.235 2.308 2.394 2.491 2.597 2.709 2.823 2.935 3.044 3.147 3.244 3.332 3.41 3.476 3.53 3.569 3.592 3.6 3.592 3.571 3.539 3.499 3.457 3.415 3.377 3.345 3.32 3.302 3.289 3.278 3.267 3.254 3.234 3.209 3.179 3.144 3.107 3.071 3.038 3.011 2.99 2.977 2.97
4.031 4.036 4.043 4.049 4.049 4.04 4.017 3.978 3.924 3.853 3.768 3.671 3.563 3.446 3.323 3.195 3.065 2.936 2.81 2.689 2.576 2.472 2.381 2.302 2.237 2.186 2.147 2.12 2.105 2.1 2.106 2.123 2.15 2.189 2.242 2.307 2.385 2.476 2.577 2.686 2.8 2.914 3.027 3.136 3.238 3.333 3.419 3.496 3.56 3.612 3.65 3.672 3.679 3.672 3.652 3.621 3.584 3.544 3.504 3.467 3.436 3.411 3.392 3.378 3.365 3.352 3.336 3.314 3.287 3.254 3.218 3.181 3.144 3.111 3.084 3.064 3.051 3.045
4.008 4.011 4.015 4.018 4.017 4.006 3.985 3.951 3.902 3.839 3.763 3.674 3.573 3.463 3.346 3.223 3.097 2.971 2.848 2.729 2.617 2.515 2.425 2.347 2.282 2.231 2.193 2.168 2.155 2.153 2.163 2.184 2.217 2.262 2.32 2.392 2.476 2.571 2.676 2.787 2.902 3.018 3.13 3.238 3.339 3.432 3.516 3.59 3.653 3.702 3.738 3.759 3.766 3.759 3.74 3.711 3.676 3.638 3.6 3.566 3.535 3.51 3.49 3.474 3.459 3.443 3.424 3.401 3.372 3.338 3.301 3.264 3.227 3.195 3.168 3.149 3.137 3.133
3.966 3.968 3.971 3.972 3.969 3.96 3.941 3.912 3.871 3.817 3.749 3.669 3.577 3.475 3.364 3.247 3.126 3.005 2.885 2.77 2.661 2.561 2.472 2.396 2.332 2.283 2.246 2.223 2.212 2.213 2.227 2.253 2.292 2.344 2.408 2.486 2.575 2.675 2.783 2.897 3.013 3.128 3.24 3.346 3.445 3.536 3.618 3.689 3.749 3.796 3.83 3.85 3.856 3.849 3.831 3.804 3.771 3.735 3.7 3.666 3.636 3.611 3.59 3.571 3.554 3.535 3.514 3.489 3.459 3.425 3.388 3.351 3.315 3.284 3.259 3.241 3.231 3.229
3.908 3.909 3.91 3.91 3.908 3.9 3.886 3.863 3.829 3.784 3.727 3.656 3.573 3.479 3.375 3.264 3.149 3.033 2.918 2.807 2.702 2.605 2.519 2.445 2.384 2.336 2.302 2.28 2.272 2.277 2.296 2.327 2.372 2.43 2.501 2.584 2.679 2.783 2.894 3.009 3.125 3.24 3.351 3.455 3.552 3.641 3.72 3.788 3.845 3.889 3.92 3.938 3.944 3.937 3.919 3.894 3.863 3.829 3.795 3.762 3.732 3.706 3.683 3.662 3.642 3.621 3.598 3.572 3.542 3.508 3.473 3.437 3.404 3.374 3.351 3.336 3.328 3.328
3.833 3.834 3.835 3.835 3.833 3.829 3.819 3.803 3.778 3.742 3.693 3.632 3.558 3.471 3.375 3.271 3.162 3.052 2.943 2.837 2.736 2.644 2.562 2.491 2.433 2.387 2.355 2.337 2.332 2.341 2.364 2.401 2.452 2.516 2.594 2.683 2.783 2.89 3.004 3.12 3.236 3.35 3.458 3.561 3.655 3.741 3.816 3.881 3.935 3.976 4.005 4.02 4.024 4.017 3.999 3.975 3.945 3.912 3.879 3.847 3.817 3.789 3.764 3.741 3.719 3.696 3.671 3.645 3.615 3.583 3.549 3.516 3.486 3.46 3.44 3.427 3.422 3.425
3.745 3.745 3.746 3.747 3.748 3.747 3.742 3.733 3.715 3.688 3.649 3.596 3.53 3.451 3.362 3.265 3.163 3.059 2.956 2.856 2.761 2.674 2.596 2.529 2.474 2.432 2.404 2.389 2.388 2.401 2.429 2.471 2.528 2.599 2.683 2.778 2.882 2.993 3.108 3.225 3.34 3.452 3.559 3.659 3.75 3.832 3.904 3.965 4.015 4.053 4.078 4.091 4.093 4.084 4.067 4.042 4.013 3.981 3.948 3.916 3.885 3.856 3.828 3.803 3.778 3.754 3.729 3.703 3.674 3.644 3.614 3.584 3.557 3.535 3.518 3.509 3.507 3.513
3.644 3.645 3.647 3.65 3.653 3.656 3.656 3.653 3.643 3.624 3.592 3.547 3.488 3.417 3.334 3.244 3.149 3.052 2.955 2.862 2.774 2.693 2.62 2.558 2.507 2.469 2.444 2.433 2.436 2.454 2.487 2.536 2.599 2.676 2.766 2.866 2.974 3.088 3.205 3.321 3.435 3.545 3.649 3.746 3.833 3.912 3.979 4.036 4.082 4.115 4.137 4.147 4.147 4.136 4.118 4.093 4.063 4.031 3.998 3.965 3.933 3.902 3.873 3.845 3.819 3.794 3.768 3.743 3.717 3.69 3.663 3.637 3.614 3.596 3.583 3.578 3.58 3.588
3.534 3.535 3.539 3.543 3.55 3.556 3.562 3.565 3.562 3.549 3.524 3.486 3.434 3.368 3.293 3.209 3.121 3.031 2.942 2.855 2.774 2.699 2.632 2.575 2.529 2.495 2.474 2.468 2.476 2.499 2.538 2.593 2.662 2.745 2.841 2.946 3.058 3.174 3.291 3.407 3.52 3.627 3.728 3.82 3.904 3.977 4.04 4.093 4.133 4.162 4.18 4.187 4.183 4.171 4.15 4.124 4.094 4.061 4.027 3.993 3.959 3.927 3.896 3.866 3.839 3.813 3.788 3.764 3.741 3.717 3.694 3.672 3.654 3.64 3.631 3.63 3.635 3.647
3.417 3.419 3.424 3.431 3.441 3.452 3.462 3.47 3.472 3.465 3.446 3.414 3.367 3.308 3.239 3.162 3.08 2.998 2.916 2.837 2.762 2.694 2.633 2.581 2.54 2.511 2.495 2.494 2.507 2.536 2.581 2.642 2.717 2.807 2.907 3.017 3.132 3.25 3.368 3.483 3.593 3.697 3.794 3.882 3.96 4.029 4.087 4.133 4.169 4.193 4.206 4.209 4.202 4.187 4.165 4.137 4.105 4.071 4.036 4 3.965 3.931 3.898 3.868 3.839 3.813 3.789 3.767 3.746 3.726 3.707 3.69 3.675 3.665 3.661 3.662 3.671 3.685
3.297 3.3 3.306 3.316 3.328 3.343 3.358 3.37 3.377 3.375 3.361 3.333 3.292 3.238 3.174 3.104 3.03 2.954 2.88 2.808 2.741 2.679 2.624 2.578 2.542 2.518 2.508 2.511 2.53 2.565 2.617 2.684 2.766 2.861 2.967 3.08 3.198 3.317 3.435 3.548 3.656 3.756 3.848 3.931 4.004 4.067 4.118 4.159 4.189 4.208 4.217 4.215 4.205 4.186 4.161 4.131 4.098 4.062 4.025 3.988 3.951 3.915 3.881 3.849 3.821 3.795 3.772 3.752 3.733 3.716 3.701 3.687 3.677 3.671 3.67 3.674 3.685 3.702
3.175 3.179 3.187 3.2 3.215 3.234 3.252 3.269 3.279 3.281 3.27 3.246 3.21 3.161 3.103 3.039 2.971 2.903 2.836 2.772 2.711 2.656 2.607 2.566 2.536 2.518 2.512 2.522 2.547 2.589 2.646 2.72 2.808 2.909 3.019 3.136 3.256 3.375 3.492 3.603 3.708 3.804 3.89 3.968 4.035 4.091 4.137 4.171 4.195 4.208 4.212 4.206 4.192 4.17 4.142 4.11 4.074 4.036 3.997 3.958 3.919 3.882 3.846 3.814 3.784 3.759 3.737 3.718 3.702 3.688 3.675 3.665 3.658 3.655 3.657 3.664 3.677 3.695
3.057 3.062 3.072 3.086 3.105 3.127 3.148 3.168 3.181 3.186 3.178 3.158 3.125 3.08 3.028 2.969 2.909 2.847 2.787 2.73 2.676 2.627 2.584 2.549 2.524 2.511 2.512 2.528 2.559 2.607 2.672 2.751 2.845 2.951 3.065 3.184 3.305 3.425 3.54 3.648 3.749 3.84 3.921 3.993 4.053 4.103 4.142 4.17 4.188 4.195 4.194 4.183 4.165 4.14 4.109 4.074 4.036 3.995 3.954 3.913 3.872 3.832 3.795 3.761 3.731 3.705 3.684 3.666 3.651 3.639 3.63 3.622 3.618 3.617 3.621 3.63 3.644 3.664
2.944 2.95 2.961 2.978 3 3.024 3.049 3.071 3.086 3.093 3.088 3.07 3.04 3 2.952 2.899 2.844 2.789 2.736 2.685 2.638 2.594 2.557 2.528 2.508 2.501 2.508 2.53 2.568 2.623 2.693 2.779 2.878 2.988 3.105 3.226 3.347 3.466 3.579 3.684 3.78 3.866 3.941 4.006 4.06 4.103 4.135 4.156 4.168 4.17 4.163 4.148 4.125 4.097 4.063 4.025 3.984 3.941 3.897 3.852 3.809 3.767 3.727 3.692 3.66 3.634 3.612 3.595 3.581 3.57 3.562 3.556 3.553 3.554 3.56 3.57 3.586 3.606
2.839 2.845 2.859 2.878 2.902 2.929 2.956 2.979 2.997 3.005 3.001 2.985 2.958 2.921 2.878 2.83 2.781 2.732 2.684 2.639 2.597 2.56 2.528 2.504 2.49 2.489 2.502 2.53 2.575 2.636 2.712 2.804 2.907 3.02 3.139 3.261 3.381 3.498 3.607 3.708 3.799 3.88 3.949 4.007 4.055 4.091 4.116 4.13 4.136 4.132 4.119 4.1 4.073 4.041 4.004 3.963 3.918 3.872 3.825 3.778 3.731 3.686 3.644 3.605 3.572 3.544 3.521 3.503 3.489 3.479 3.471 3.466 3.464 3.466 3.472 3.484 3.5 3.52
2.742 2.75 2.765 2.786 2.812 2.841 2.87 2.896 2.914 2.923 2.921 2.907 2.882 2.848 2.807 2.764 2.719 2.675 2.633 2.594 2.557 2.525 2.498 2.48 2.472 2.476 2.495 2.529 2.58 2.647 2.729 2.825 2.932 3.047 3.167 3.288 3.407 3.52 3.626 3.722 3.808 3.882 3.945 3.997 4.037 4.066 4.084 4.092 4.091 4.081 4.064 4.039 4.009 3.973 3.932 3.887 3.84 3.79 3.739 3.688 3.638 3.589 3.543 3.502 3.466 3.435 3.411 3.391 3.376 3.364 3.356 3.35 3.349 3.351 3.357 3.369 3.385 3.406
2.655 2.663 2.68 2.703 2.732 2.763 2.793 2.82 2.839 2.849 2.847 2.834 2.811 2.78 2.742 2.702 2.662 2.623 2.585 2.55 2.519 2.491 2.47 2.456 2.454 2.464 2.489 2.529 2.586 2.658 2.745 2.844 2.953 3.069 3.189 3.308 3.424 3.533 3.634 3.725 3.805 3.873 3.93 3.975 4.008 4.03 4.041 4.042 4.034 4.019 3.996 3.966 3.931 3.891 3.846 3.798 3.747 3.693 3.638 3.583 3.528 3.476 3.426 3.381 3.341 3.307 3.279 3.257 3.239 3.226 3.216 3.209 3.207 3.208 3.214 3.226 3.242 3.263
2.576 2.585 2.603 2.628 2.659 2.692 2.724 2.752 2.772 2.782 2.781 2.769 2.748 2.718 2.684 2.647 2.61 2.574 2.541 2.51 2.483 2.46 2.444 2.436 2.439 2.455 2.485 2.531 2.593 2.67 2.76 2.862 2.972 3.088 3.205 3.322 3.434 3.538 3.634 3.719 3.792 3.854 3.904 3.941 3.967 3.982 3.986 3.98 3.966 3.944 3.915 3.88 3.84 3.795 3.746 3.694 3.638 3.581 3.521 3.462 3.403 3.346 3.292 3.243 3.199 3.16 3.129 3.102 3.081 3.065 3.052 3.044 3.039 3.04 3.045 3.056 3.072 3.093
2.504 2.514 2.534 2.561 2.593 2.628 2.661 2.69 2.711 2.723 2.723 2.712 2.692 2.664 2.632 2.598 2.565 2.532 2.503 2.476 2.453 2.435 2.423 2.421 2.429 2.451 2.487 2.538 2.604 2.685 2.777 2.88 2.99 3.104 3.219 3.331 3.438 3.537 3.626 3.705 3.772 3.826 3.869 3.899 3.917 3.924 3.92 3.907 3.886 3.857 3.822 3.782 3.736 3.686 3.633 3.575 3.515 3.452 3.389 3.324 3.261 3.199 3.141 3.087 3.038 2.996 2.959 2.929 2.903 2.883 2.867 2.856 2.849 2.848 2.852 2.862 2.877 2.898
2.439 2.45 2.47 2.499 2.534 2.57 2.605 2.635 2.657 2.669 2.671 2.662 2.643 2.618 2.589 2.558 2.527 2.498 2.472 2.449 2.431 2.417 2.411 2.413 2.427 2.454 2.495 2.551 2.621 2.704 2.798 2.901 3.009 3.12 3.231 3.338 3.439 3.532 3.614 3.686 3.745 3.793 3.827 3.85 3.86 3.859 3.847 3.827 3.798 3.762 3.72 3.673 3.621 3.565 3.505 3.443 3.377 3.309 3.24 3.171 3.103 3.037 2.974 2.916 2.862 2.815 2.774 2.738 2.709 2.684 2.664 2.65 2.641 2.637 2.64 2.649 2.663 2.683
2.378 2.389 2.412 2.442 2.478 2.516 2.553 2.585 2.608 2.622 2.625 2.618 2.603 2.58 2.554 2.526 2.499 2.474 2.452 2.433 2.419 2.41 2.409 2.417 2.436 2.468 2.514 2.574 2.647 2.731 2.826 2.927 3.033 3.14 3.245 3.346 3.441 3.526 3.602 3.666 3.718 3.757 3.783 3.797 3.799 3.79 3.77 3.74 3.703 3.659 3.61 3.555 3.496 3.434 3.367 3.298 3.226 3.152 3.078 3.004 2.931 2.861 2.794 2.731 2.673 2.621 2.575 2.535 2.501 2.472 2.448 2.431 2.419 2.413 2.414 2.422 2.435 2.454
2.321 2.333 2.356 2.388 2.426 2.466 2.505 2.539 2.564 2.581 2.587 2.583 2.57 2.551 2.529 2.505 2.482 2.461 2.443 2.429 2.419 2.416 2.42 2.433 2.458 2.495 2.545 2.608 2.683 2.769 2.862 2.961 3.063 3.165 3.265 3.359 3.446 3.525 3.592 3.648 3.692 3.723 3.74 3.746 3.738 3.72 3.691 3.653 3.607 3.554 3.496 3.433 3.366 3.295 3.22 3.143 3.065 2.985 2.905 2.825 2.748 2.673 2.602 2.535 2.474 2.418 2.368 2.323 2.285 2.252 2.225 2.204 2.19 2.182 2.181 2.187 2.199 2.217
2.267 2.279 2.304 2.337 2.377 2.419 2.46 2.496 2.525 2.545 2.554 2.554 2.546 2.532 2.515 2.496 2.478 2.462 2.449 2.44 2.435 2.437 2.447 2.466 2.495 2.537 2.591 2.657 2.733 2.818 2.909 3.005 3.103 3.199 3.292 3.38 3.46 3.53 3.589 3.637 3.672 3.694 3.702 3.698 3.682 3.654 3.615 3.568 3.512 3.45 3.382 3.309 3.232 3.152 3.069 2.983 2.896 2.809 2.723 2.638 2.556 2.477 2.402 2.332 2.268 2.209 2.155 2.107 2.065 2.029 1.999 1.976 1.959 1.95 1.947 1.951 1.962 1.978
2.215 2.228 2.254 2.289 2.33 2.375 2.419 2.458 2.491 2.514 2.529 2.534 2.532 2.524 2.512 2.5 2.487 2.477 2.47 2.467 2.468 2.476 2.491 2.515 2.549 2.595 2.652 2.72 2.796 2.88 2.97 3.062 3.154 3.245 3.331 3.411 3.483 3.546 3.597 3.635 3.661 3.674 3.673 3.659 3.632 3.594 3.545 3.488 3.422 3.349 3.271 3.187 3.1 3.009 2.915 2.82 2.724 2.629 2.536 2.446 2.359 2.276 2.199 2.126 2.059 1.998 1.942 1.891 1.847 1.809 1.777 1.752 1.733 1.722 1.718 1.721 1.729 1.743
2.166 2.18 2.207 2.243 2.287 2.334 2.381 2.424 2.461 2.49 2.511 2.523 2.527 2.526 2.522 2.517 2.511 2.508 2.507 2.51 2.518 2.531 2.552 2.581 2.62 2.669 2.729 2.798 2.874 2.957 3.043 3.131 3.218 3.303 3.382 3.455 3.519 3.574 3.616 3.646 3.662 3.665 3.654 3.629 3.592 3.543 3.484 3.415 3.339 3.255 3.165 3.07 2.971 2.868 2.763 2.658 2.553 2.449 2.349 2.253 2.161 2.075 1.995 1.921 1.852 1.789 1.732 1.681 1.635 1.596 1.563 1.537 1.518 1.506 1.5 1.501 1.507 1.518
2.121 2.135 2.163 2.201 2.247 2.297 2.348 2.396 2.438 2.473 2.501 2.52 2.533 2.541 2.545 2.547 2.55 2.554 2.56 2.57 2.584 2.603 2.629 2.663 2.707 2.759 2.82 2.89 2.966 3.046 3.13 3.213 3.295 3.373 3.447 3.512 3.569 3.615 3.649 3.669 3.676 3.668 3.646 3.611 3.563 3.503 3.432 3.352 3.264 3.168 3.066 2.959 2.847 2.732 2.616 2.499 2.384 2.272 2.165 2.063 1.967 1.878 1.795 1.72 1.651 1.588 1.531 1.479 1.434 1.395 1.362 1.336 1.317 1.304 1.297 1.296 1.3 1.308
2.079 2.094 2.123 2.163 2.212 2.265 2.32 2.373 2.421 2.464 2.499 2.527 2.549 2.566 2.58 2.591 2.602 2.614 2.628 2.644 2.665 2.69 2.721 2.76 2.807 2.862 2.925 2.995 3.07 3.148 3.228 3.307 3.384 3.457 3.523 3.583 3.632 3.67 3.695 3.707 3.703 3.685 3.652 3.605 3.545 3.473 3.39 3.298 3.197 3.089 2.974 2.854 2.73 2.603 2.475 2.347 2.222 2.102 1.987 1.879 1.779 1.687 1.604 1.528 1.459 1.397 1.341 1.291 1.247 1.209 1.177 1.151 1.132 1.119 1.111 1.108 1.109 1.114
2.041 2.057 2.087 2.129 2.181 2.238 2.297 2.356 2.411 2.462 2.506 2.544 2.576 2.603 2.627 2.648 2.668 2.688 2.709 2.732 2.758 2.789 2.825 2.868 2.918 2.975 3.039 3.109 3.183 3.259 3.336 3.411 3.483 3.551 3.612 3.665 3.707 3.737 3.754 3.756 3.742 3.713 3.668 3.609 3.536 3.452 3.357 3.251 3.138 3.017 2.89 2.757 2.62 2.481 2.341 2.203 2.068 1.939 1.818 1.705 1.601 1.507 1.423 1.347 1.279 1.219 1.165 1.117 1.075 1.039 1.009 0.985 0.966 0.953 0.944 0.939 0.938 0.94
2.007 2.023 2.055 2.099 2.154 2.215 2.28 2.345 2.408 2.467 2.521 2.57 2.613 2.651 2.685 2.716 2.745 2.773 2.801 2.83 2.862 2.897 2.938 2.984 3.037 3.096 3.161 3.231 3.304 3.379 3.452 3.524 3.592 3.654 3.71 3.757 3.793 3.815 3.824 3.816 3.792 3.751 3.694 3.622 3.537 3.439 3.33 3.212 3.085 2.951 2.811 2.666 2.517 2.366 2.216 2.067 1.924 1.787 1.66 1.542 1.436 1.34 1.255 1.181 1.115 1.057 1.006 0.961 0.922 0.888 0.86 0.837 0.819 0.806 0.796 0.79 0.787 0.786
