DCGAN/plot/SedofBasin_0790.grd
DSAA
100 100
0 40
0 40
0.526 2.503
[rows 0 to 33 of 100, columns 0 to 77 of 100]
1.347 1.352 1.362 1.375 1.391 1.408 1.425 1.444 1.462 1.481 1.501 1.519 1.538 1.554 1.57 1.583 1.595 1.605 1.614 1.622 1.63 1.637 1.644 1.651 1.657 1.661 1.665 1.667 1.668 1.668 1.667 1.665 1.664 1.662 1.661 1.658 1.655 1.651 1.644 1.635 1.623 1.609 1.591 1.571 1.549 1.525 1.502 1.479 1.457 1.437 1.419 1.404 1.39 1.378 1.367 1.356 1.347 1.337 1.329 1.322 1.316 1.311 1.307 1.304 1.301 1.298 1.294 1.291 1.287 1.284 1.281 1.279 1.278 1.279 1.281 1.285 1.291 1.296
1.349 1.354 1.364 1.377 1.393 1.411 1.429 1.448 1.467 1.486 1.506 1.525 1.543 1.559 1.574 1.588 1.599 1.609 1.618 1.627 1.634 1.642 1.649 1.656 1.662 1.667 1.67 1.672 1.673 1.673 1.672 1.671 1.67 1.668 1.666 1.664 1.661 1.656 1.65 1.641 1.63 1.615 1.598 1.578 1.557 1.534 1.51 1.487 1.466 1.446 1.429 1.413 1.399 1.387 1.376 1.365 1.355 1.346 1.338 1.33 1.324 1.319 1.315 1.311 1.308 1.305 1.302 1.299 1.295 1.292 1.289 1.287 1.287 1.287 1.29 1.294 1.299 1.304
1.353 1.358 1.368 1.382 1.399 1.417 1.436 1.456 1.476 1.495 1.515 1.534 1.552 1.569 1.583 1.596 1.607 1.617 1.627 1.635 1.643 1.651 1.659 1.666 1.672 1.677 1.681 1.683 1.684 1.684 1.683 1.682 1.68 1.679 1.677 1.675 1.672 1.667 1.661 1.652 1.641 1.627 1.611 1.592 1.571 1.549 1.526 1.504 1.483 1.464 1.446 1.431 1.417 1.404 1.393 1.382 1.372 1.362 1.354 1.346 1.34 1.334 1.33 1.326 1.323 1.32 1.317 1.314 1.31 1.308 1.305 1.303 1.303 1.304 1.306 1.31 1.315 1.32
1.359 1.364 1.375 1.39 1.407 1.426 1.447 1.467 1.488 1.508 1.528 1.547 1.565 1.581 1.595 1.608 1.619 1.629 1.638 1.646 1.655 1.663 1.671 1.679 1.685 1.691 1.695 1.697 1.698 1.698 1.698 1.697 1.695 1.694 1.692 1.689 1.686 1.682 1.675 1.667 1.656 1.643 1.628 1.61 1.59 1.57 1.548 1.527 1.507 1.488 1.471 1.455 1.441 1.428 1.416 1.405 1.394 1.385 1.376 1.368 1.361 1.355 1.35 1.346 1.343 1.339 1.337 1.334 1.331 1.329 1.327 1.325 1.325 1.326 1.328 1.331 1.336 1.341
1.367 1.373 1.384 1.399 1.418 1.438 1.459 1.481 1.502 1.523 1.543 1.562 1.58 1.595 1.609 1.621 1.632 1.641 1.651 1.66 1.669 1.678 1.686 1.694 1.701 1.707 1.711 1.713 1.715 1.715 1.714 1.713 1.712 1.711 1.709 1.706 1.703 1.698 1.692 1.684 1.673 1.661 1.647 1.631 1.613 1.594 1.574 1.554 1.534 1.516 1.499 1.483 1.469 1.456 1.444 1.432 1.421 1.411 1.402 1.393 1.386 1.38 1.374 1.37 1.366 1.363 1.36 1.358 1.355 1.353 1.352 1.351 1.351 1.352 1.354 1.357 1.361 1.366
1.376 1.383 1.394 1.411 1.43 1.451 1.473 1.496 1.518 1.539 1.56 1.578 1.595 1.61 1.623 1.634 1.645 1.654 1.664 1.674 1.683 1.693 1.702 1.711 1.718 1.724 1.728 1.731 1.732 1.732 1.732 1.731 1.73 1.728 1.726 1.723 1.72 1.715 1.708 1.701 1.691 1.68 1.667 1.653 1.637 1.619 1.601 1.582 1.564 1.546 1.53 1.514 1.5 1.486 1.474 1.462 1.45 1.44 1.43 1.421 1.413 1.406 1.4 1.395 1.391 1.388 1.385 1.383 1.381 1.38 1.379 1.378 1.378 1.379 1.381 1.384 1.388 1.392
1.387 1.394 1.406 1.423 1.443 1.465 1.488 1.512 1.534 1.555 1.575 1.594 1.61 1.624 1.636 1.647 1.657 1.667 1.677 1.687 1.698 1.708 1.718 1.727 1.734 1.74 1.744 1.747 1.748 1.749 1.748 1.747 1.746 1.745 1.742 1.739 1.735 1.73 1.724 1.717 1.708 1.698 1.686 1.674 1.659 1.644 1.627 1.61 1.593 1.576 1.56 1.544 1.53 1.516 1.503 1.491 1.48 1.469 1.458 1.449 1.441 1.433 1.426 1.421 1.416 1.413 1.41 1.408 1.407 1.406 1.406 1.405 1.406 1.407 1.408 1.411 1.414 1.418
1.399 1.406 1.419 1.436 1.457 1.48 1.503 1.527 1.549 1.57 1.59 1.607 1.622 1.635 1.647 1.658 1.668 1.678 1.688 1.699 1.71 1.721 1.732 1.741 1.749 1.755 1.759 1.761 1.763 1.763 1.763 1.762 1.761 1.759 1.757 1.754 1.749 1.744 1.738 1.731 1.723 1.714 1.704 1.692 1.68 1.667 1.652 1.636 1.62 1.604 1.588 1.573 1.559 1.545 1.532 1.519 1.508 1.496 1.486 1.476 1.467 1.459 1.451 1.445 1.44 1.437 1.434 1.432 1.432 1.431 1.431 1.431 1.431 1.432 1.433 1.435 1.438 1.441
1.412 1.419 1.432 1.45 1.471 1.494 1.517 1.541 1.563 1.583 1.602 1.618 1.632 1.645 1.656 1.666 1.676 1.687 1.698 1.709 1.721 1.733 1.744 1.753 1.761 1.767 1.771 1.774 1.775 1.775 1.775 1.774 1.773 1.771 1.769 1.765 1.761 1.755 1.749 1.742 1.735 1.727 1.718 1.709 1.698 1.687 1.674 1.66 1.645 1.63 1.614 1.599 1.585 1.571 1.558 1.546 1.534 1.522 1.511 1.501 1.491 1.482 1.475 1.468 1.463 1.459 1.456 1.455 1.454 1.454 1.454 1.455 1.455 1.455 1.456 1.458 1.46 1.463
1.424 1.431 1.444 1.462 1.484 1.507 1.53 1.553 1.574 1.594 1.611 1.627 1.64 1.652 1.662 1.672 1.683 1.694 1.706 1.718 1.731 1.743 1.754 1.763 1.771 1.777 1.781 1.784 1.785 1.785 1.785 1.784 1.783 1.781 1.778 1.775 1.77 1.764 1.758 1.752 1.745 1.738 1.731 1.723 1.714 1.704 1.693 1.68 1.666 1.652 1.638 1.623 1.609 1.595 1.582 1.569 1.557 1.546 1.535 1.524 1.514 1.504 1.496 1.489 1.484 1.479 1.477 1.476 1.475 1.475 1.475 1.476 1.476 1.476 1.477 1.477 1.479 1.481
1.435 1.442 1.456 1.474 1.495 1.518 1.541 1.563 1.584 1.603 1.619 1.633 1.645 1.656 1.667 1.677 1.688 1.699 1.712 1.725 1.738 1.751 1.762 1.772 1.78 1.785 1.789 1.792 1.793 1.793 1.793 1.792 1.791 1.789 1.786 1.782 1.777 1.772 1.766 1.759 1.753 1.747 1.741 1.734 1.727 1.719 1.709 1.698 1.685 1.672 1.658 1.644 1.63 1.616 1.603 1.591 1.579 1.567 1.556 1.545 1.535 1.525 1.516 1.509 1.503 1.499 1.496 1.495 1.494 1.494 1.494 1.494 1.494 1.494 1.494 1.495 1.496 1.497
1.445 1.452 1.465 1.483 1.505 1.528 1.55 1.572 1.592 1.609 1.625 1.638 1.65 1.66 1.67 1.681 1.692 1.704 1.717 1.731 1.745 1.758 1.769 1.779 1.787 1.792 1.796 1.798 1.799 1.8 1.8 1.799 1.798 1.796 1.793 1.789 1.784 1.778 1.772 1.766 1.761 1.755 1.75 1.745 1.739 1.732 1.723 1.713 1.702 1.689 1.676 1.662 1.649 1.636 1.623 1.611 1.599 1.588 1.576 1.565 1.555 1.545 1.536 1.528 1.522 1.517 1.514 1.513 1.512 1.512 1.512 1.512 1.511 1.511 1.51 1.51 1.51 1.511
1.453 1.46 1.473 1.491 1.512 1.535 1.557 1.579 1.598 1.615 1.629 1.642 1.653 1.663 1.673 1.684 1.696 1.709 1.723 1.737 1.751 1.764 1.776 1.786 1.793 1.799 1.802 1.805 1.806 1.806 1.806 1.806 1.805 1.803 1.8 1.795 1.79 1.785 1.779 1.773 1.768 1.763 1.759 1.754 1.749 1.743 1.736 1.727 1.717 1.705 1.693 1.68 1.667 1.654 1.642 1.63 1.619 1.607 1.596 1.585 1.574 1.564 1.555 1.547 1.541 1.536 1.533 1.531 1.53 1.529 1.529 1.528 1.528 1.527 1.526 1.525 1.524 1.524
1.458 1.465 1.479 1.497 1.518 1.54 1.563 1.584 1.602 1.619 1.633 1.645 1.656 1.666 1.677 1.688 1.7 1.713 1.728 1.742 1.757 1.77 1.782 1.792 1.8 1.805 1.809 1.811 1.812 1.813 1.813 1.812 1.811 1.809 1.806 1.802 1.797 1.792 1.786 1.781 1.776 1.772 1.768 1.764 1.76 1.754 1.748 1.74 1.73 1.719 1.708 1.696 1.684 1.672 1.66 1.649 1.638 1.627 1.616 1.605 1.594 1.584 1.575 1.567 1.56 1.555 1.552 1.549 1.548 1.547 1.546 1.545 1.543 1.542 1.54 1.539 1.538 1.537
1.462 1.469 1.482 1.5 1.521 1.544 1.566 1.587 1.606 1.622 1.636 1.648 1.659 1.67 1.68 1.692 1.705 1.719 1.733 1.748 1.763 1.776 1.788 1.798 1.806 1.812 1.816 1.818 1.82 1.82 1.82 1.82 1.819 1.817 1.814 1.81 1.805 1.8 1.795 1.79 1.785 1.781 1.777 1.774 1.77 1.765 1.759 1.752 1.743 1.733 1.723 1.712 1.7 1.689 1.679 1.668 1.657 1.647 1.636 1.625 1.615 1.605 1.596 1.588 1.581 1.575 1.571 1.568 1.566 1.564 1.562 1.561 1.559 1.557 1.555 1.553 1.551 1.55
1.463 1.47 1.483 1.501 1.522 1.545 1.568 1.589 1.608 1.624 1.638 1.651 1.662 1.673 1.685 1.697 1.71 1.724 1.739 1.754 1.769 1.783 1.795 1.805 1.813 1.819 1.823 1.826 1.827 1.828 1.829 1.828 1.827 1.826 1.823 1.819 1.815 1.81 1.805 1.8 1.795 1.791 1.788 1.784 1.78 1.775 1.77 1.763 1.755 1.746 1.736 1.727 1.716 1.706 1.696 1.687 1.677 1.667 1.656 1.646 1.636 1.627 1.617 1.609 1.602 1.596 1.592 1.588 1.585 1.582 1.58 1.577 1.575 1.572 1.57 1.567 1.565 1.563
1.462 1.469 1.482 1.5 1.521 1.544 1.567 1.588 1.608 1.625 1.64 1.653 1.665 1.677 1.689 1.701 1.715 1.729 1.744 1.76 1.774 1.788 1.8 1.811 1.819 1.826 1.83 1.834 1.836 1.837 1.837 1.837 1.837 1.835 1.832 1.829 1.825 1.82 1.815 1.811 1.806 1.802 1.799 1.795 1.79 1.786 1.78 1.773 1.766 1.758 1.75 1.741 1.732 1.723 1.714 1.705 1.696 1.687 1.677 1.668 1.658 1.649 1.64 1.632 1.624 1.618 1.613 1.608 1.604 1.601 1.597 1.594 1.591 1.588 1.585 1.582 1.579 1.577
1.459 1.466 1.479 1.497 1.519 1.541 1.564 1.586 1.606 1.624 1.64 1.654 1.668 1.68 1.693 1.706 1.72 1.734 1.749 1.765 1.779 1.793 1.805 1.816 1.825 1.832 1.837 1.841 1.844 1.846 1.847 1.847 1.846 1.845 1.843 1.84 1.836 1.832 1.827 1.823 1.818 1.814 1.81 1.805 1.801 1.796 1.79 1.784 1.777 1.77 1.762 1.755 1.747 1.739 1.731 1.723 1.715 1.707 1.698 1.689 1.68 1.671 1.663 1.654 1.647 1.64 1.634 1.628 1.624 1.619 1.615 1.611 1.607 1.603 1.6 1.596 1.594 1.591
1.455 1.462 1.475 1.493 1.514 1.537 1.56 1.582 1.603 1.622 1.639 1.654 1.668 1.682 1.695 1.709 1.723 1.738 1.753 1.768 1.783 1.797 1.809 1.82 1.83 1.837 1.843 1.848 1.852 1.854 1.855 1.856 1.856 1.855 1.853 1.851 1.848 1.844 1.839 1.835 1.83 1.826 1.821 1.816 1.811 1.805 1.799 1.793 1.787 1.78 1.774 1.767 1.761 1.755 1.748 1.741 1.734 1.726 1.718 1.71 1.702 1.693 1.685 1.677 1.669 1.662 1.655 1.649 1.643 1.637 1.632 1.627 1.623 1.618 1.614 1.611 1.608 1.605
1.449 1.456 1.468 1.486 1.507 1.53 1.553 1.576 1.597 1.617 1.635 1.651 1.667 1.681 1.696 1.71 1.725 1.74 1.755 1.77 1.785 1.798 1.811 1.823 1.833 1.841 1.848 1.854 1.858 1.862 1.864 1.865 1.866 1.865 1.864 1.862 1.859 1.856 1.852 1.847 1.843 1.838 1.832 1.827 1.821 1.814 1.808 1.802 1.796 1.79 1.785 1.78 1.774 1.769 1.764 1.758 1.752 1.745 1.738 1.73 1.722 1.714 1.706 1.698 1.69 1.683 1.675 1.668 1.662 1.655 1.649 1.644 1.638 1.633 1.629 1.625 1.622 1.619
1.441 1.448 1.46 1.477 1.498 1.521 1.544 1.567 1.589 1.609 1.628 1.646 1.663 1.678 1.694 1.709 1.724 1.739 1.754 1.77 1.784 1.798 1.811 1.823 1.834 1.844 1.852 1.858 1.864 1.868 1.871 1.874 1.875 1.875 1.874 1.873 1.87 1.867 1.864 1.859 1.854 1.849 1.843 1.837 1.83 1.824 1.817 1.811 1.805 1.8 1.795 1.791 1.787 1.783 1.779 1.774 1.769 1.763 1.756 1.749 1.742 1.734 1.726 1.718 1.71 1.702 1.695 1.687 1.68 1.673 1.666 1.66 1.654 1.649 1.644 1.64 1.637 1.634
1.431 1.437 1.45 1.467 1.487 1.51 1.533 1.556 1.579 1.6 1.619 1.638 1.655 1.672 1.688 1.704 1.72 1.736 1.751 1.767 1.782 1.796 1.81 1.822 1.834 1.844 1.853 1.861 1.868 1.873 1.878 1.881 1.883 1.884 1.884 1.883 1.881 1.879 1.875 1.871 1.866 1.86 1.854 1.847 1.84 1.833 1.826 1.82 1.814 1.81 1.806 1.803 1.8 1.797 1.794 1.79 1.785 1.78 1.774 1.767 1.76 1.753 1.745 1.737 1.729 1.721 1.714 1.706 1.698 1.691 1.683 1.677 1.67 1.664 1.659 1.655 1.652 1.649
1.418 1.425 1.437 1.454 1.474 1.496 1.52 1.543 1.566 1.587 1.608 1.627 1.646 1.663 1.68 1.697 1.713 1.729 1.745 1.761 1.777 1.792 1.806 1.82 1.832 1.844 1.854 1.863 1.871 1.877 1.883 1.887 1.89 1.892 1.893 1.893 1.891 1.889 1.886 1.882 1.877 1.871 1.864 1.857 1.85 1.843 1.836 1.83 1.825 1.821 1.818 1.815 1.813 1.811 1.809 1.806 1.802 1.797 1.791 1.785 1.778 1.771 1.763 1.756 1.748 1.74 1.732 1.724 1.716 1.709 1.701 1.694 1.687 1.681 1.676 1.672 1.668 1.665
1.402 1.409 1.421 1.438 1.459 1.481 1.505 1.528 1.551 1.573 1.594 1.614 1.633 1.651 1.669 1.686 1.703 1.72 1.737 1.754 1.77 1.786 1.802 1.816 1.829 1.842 1.853 1.863 1.872 1.88 1.887 1.892 1.896 1.899 1.901 1.901 1.901 1.899 1.896 1.892 1.887 1.881 1.875 1.868 1.861 1.854 1.847 1.841 1.837 1.833 1.831 1.829 1.828 1.826 1.824 1.822 1.818 1.814 1.808 1.802 1.796 1.789 1.782 1.774 1.766 1.759 1.751 1.743 1.735 1.728 1.72 1.713 1.706 1.7 1.694 1.69 1.686 1.682
1.384 1.39 1.403 1.42 1.441 1.464 1.488 1.512 1.536 1.558 1.58 1.6 1.619 1.638 1.656 1.674 1.692 1.709 1.727 1.745 1.763 1.78 1.796 1.811 1.826 1.839 1.852 1.863 1.873 1.882 1.89 1.896 1.901 1.905 1.908 1.91 1.91 1.909 1.906 1.903 1.898 1.893 1.886 1.88 1.873 1.866 1.86 1.855 1.851 1.847 1.845 1.844 1.843 1.843 1.841 1.839 1.836 1.832 1.827 1.821 1.814 1.808 1.8 1.793 1.786 1.778 1.771 1.763 1.756 1.748 1.741 1.734 1.727 1.72 1.715 1.71 1.705 1.701
1.362 1.369 1.382 1.4 1.422 1.446 1.47 1.495 1.519 1.542 1.564 1.585 1.604 1.623 1.642 1.66 1.679 1.698 1.716 1.735 1.754 1.772 1.79 1.807 1.822 1.837 1.85 1.862 1.873 1.883 1.892 1.9 1.906 1.911 1.915 1.918 1.919 1.918 1.917 1.914 1.91 1.905 1.899 1.893 1.887 1.881 1.876 1.871 1.867 1.864 1.862 1.862 1.861 1.86 1.859 1.857 1.854 1.851 1.846 1.84 1.834 1.828 1.821 1.814 1.806 1.799 1.792 1.785 1.778 1.771 1.764 1.757 1.75 1.744 1.737 1.732 1.727 1.722
1.339 1.346 1.36 1.378 1.401 1.426 1.452 1.478 1.503 1.527 1.549 1.57 1.59 1.609 1.628 1.647 1.666 1.686 1.705 1.726 1.746 1.765 1.784 1.802 1.819 1.835 1.849 1.862 1.874 1.885 1.895 1.903 1.911 1.917 1.922 1.926 1.928 1.928 1.927 1.925 1.922 1.918 1.913 1.908 1.903 1.898 1.893 1.889 1.886 1.883 1.882 1.881 1.88 1.88 1.879 1.877 1.875 1.871 1.867 1.861 1.856 1.849 1.843 1.836 1.829 1.822 1.816 1.809 1.803 1.796 1.789 1.783 1.776 1.769 1.763 1.757 1.751 1.745
1.314 1.322 1.336 1.356 1.38 1.406 1.434 1.461 1.487 1.512 1.535 1.557 1.577 1.597 1.616 1.635 1.654 1.674 1.695 1.716 1.738 1.759 1.779 1.799 1.817 1.833 1.848 1.862 1.875 1.886 1.897 1.907 1.916 1.923 1.929 1.934 1.937 1.938 1.938 1.937 1.935 1.932 1.928 1.924 1.92 1.917 1.913 1.91 1.907 1.905 1.903 1.902 1.902 1.901 1.9 1.899 1.896 1.893 1.889 1.884 1.879 1.873 1.867 1.86 1.854 1.847 1.841 1.835 1.829 1.823 1.817 1.81 1.804 1.797 1.79 1.783 1.777 1.77
1.289 1.297 1.312 1.334 1.359 1.387 1.416 1.445 1.473 1.499 1.523 1.545 1.566 1.586 1.605 1.624 1.644 1.664 1.686 1.708 1.731 1.754 1.775 1.796 1.815 1.832 1.848 1.863 1.876 1.889 1.9 1.911 1.921 1.929 1.936 1.942 1.946 1.949 1.95 1.949 1.948 1.946 1.944 1.942 1.939 1.937 1.934 1.932 1.93 1.928 1.926 1.925 1.924 1.923 1.922 1.921 1.919 1.916 1.912 1.908 1.903 1.898 1.892 1.886 1.88 1.874 1.868 1.863 1.857 1.852 1.846 1.84 1.833 1.826 1.819 1.811 1.804 1.796
1.265 1.273 1.289 1.312 1.339 1.369 1.4 1.431 1.46 1.488 1.513 1.536 1.557 1.577 1.596 1.616 1.635 1.656 1.679 1.702 1.726 1.749 1.772 1.794 1.814 1.833 1.849 1.865 1.879 1.892 1.904 1.916 1.926 1.936 1.944 1.951 1.956 1.959 1.961 1.962 1.962 1.961 1.961 1.96 1.959 1.958 1.957 1.955 1.953 1.951 1.95 1.949 1.947 1.946 1.945 1.944 1.942 1.939 1.937 1.933 1.929 1.924 1.919 1.913 1.907 1.901 1.896 1.891 1.886 1.881 1.876 1.87 1.864 1.856 1.848 1.84 1.831 1.822
1.242 1.251 1.268 1.292 1.32 1.352 1.385 1.418 1.45 1.479 1.505 1.529 1.551 1.571 1.59 1.609 1.629 1.65 1.673 1.697 1.722 1.747 1.771 1.793 1.815 1.834 1.851 1.867 1.882 1.896 1.909 1.921 1.933 1.943 1.952 1.96 1.965 1.97 1.972 1.974 1.975 1.976 1.977 1.978 1.979 1.979 1.979 1.979 1.977 1.976 1.974 1.972 1.971 1.969 1.968 1.966 1.965 1.963 1.961 1.958 1.954 1.95 1.945 1.94 1.934 1.929 1.924 1.919 1.915 1.911 1.906 1.901 1.894 1.887 1.878 1.869 1.859 1.848
1.22 1.23 1.248 1.273 1.303 1.337 1.372 1.407 1.44 1.471 1.499 1.524 1.547 1.567 1.586 1.605 1.625 1.647 1.669 1.694 1.719 1.745 1.77 1.794 1.816 1.835 1.853 1.87 1.885 1.9 1.914 1.927 1.939 1.95 1.96 1.968 1.975 1.979 1.983 1.985 1.988 1.99 1.993 1.996 1.998 2 2.002 2.002 2.001 1.999 1.997 1.995 1.993 1.991 1.99 1.988 1.987 1.986 1.984 1.981 1.978 1.975 1.97 1.965 1.96 1.955 1.951 1.947 1.943 1.94 1.936 1.93 1.924 1.916 1.907 1.897 1.886 1.874
1.201 1.211 1.23 1.256 1.288 1.323 1.36 1.397 1.432 1.464 1.494 1.52 1.543 1.564 1.584 1.603 1.623 1.644 1.668 1.692 1.718 1.745 1.77 1.795 1.817 1.838 1.856 1.873 1.889 1.904 1.919 1.932 1.945 1.957 1.968 1.976 1.983 1.988 1.992 1.996 1.999 2.003 2.008 2.012 2.017 2.02 2.023 2.024 2.023 2.021 2.019 2.016 2.014 2.012 2.01 2.008 2.007 2.006 2.005 2.004 2.001 1.998 1.994 1.989 1.985 1.98 1.976 1.973 1.97 1.967 1.964 1.959 1.953 1.945 1.935 1.924 1.912 1.898
1.183 1.193 1.213 1.24 1.273 1.31 1.349 1.387 1.424 1.458 1.489 1.516 1.54 1.562 1.582 1.601 1.622 1.643 1.667 1.692 1.718 1.745 1.771 1.796 1.819 1.84 1.859 1.876 1.893 1.908 1.923 1.938 1.951 1.964 1.974 1.983 1.99 1.996 2 2.005 2.01 2.015 2.021 2.027 2.034 2.039 2.042 2.044 2.044 2.042 2.039 2.036 2.032 2.03 2.028 2.026 2.026 2.025 2.024 2.023 2.021 2.018 2.015 2.011 2.007 2.003 2 1.997 1.995 1.993 1.99 1.986 1.98 1.972 1.962 1.95 1.936 1.921
